  0  0.02  0.0000000000000000E+00  8.2254076313599989E+07  1.1409
  0  0.03  0.0000000000000000E+00  8.2254076313599989E+07  1.1393
  0  0.05  0.0000000000000000E+00  8.2254076313599989E+07  1.1377
  0  0.07  0.0000000000000000E+00  8.2254076313600004E+07  1.1362
  0  0.08  0.0000000000000000E+00  8.2254076313599989E+07  1.1346
  0  0.10  0.0000000000000000E+00  8.2254076313600004E+07  1.1330
  0  0.12  0.0000000000000000E+00  8.2254076313600004E+07  1.1314
  0  0.13  0.0000000000000000E+00  8.2254076313600004E+07  1.1299
  0  0.15  0.0000000000000000E+00  8.2254076313600004E+07  1.1283
  0  0.17  0.0000000000000000E+00  8.2254076313600004E+07  1.1267
  0  0.18  0.0000000000000000E+00  8.2254076313600004E+07  1.1252
  0  0.20  0.0000000000000000E+00  8.2254076313600004E+07  1.1236
  0  0.22  0.0000000000000000E+00  8.2254076313600004E+07  1.1220
  0  0.23  0.0000000000000000E+00  8.2254076313600004E+07  1.1205
  0  0.25  0.0000000000000000E+00  8.2254076313599989E+07  1.1189
  0  0.27  0.0000000000000000E+00  8.2254076313599989E+07  1.1174
  0  0.28  0.0000000000000000E+00  8.2254076313599989E+07  1.1158
  0  0.30  0.0000000000000000E+00  8.2254076313599989E+07  1.1143
  0  0.32  0.0000000000000000E+00  8.2254076313600004E+07  1.1127
  0  0.33  0.0000000000000000E+00  8.2254076313600004E+07  1.1112
  0  0.35  0.0000000000000000E+00  8.2254076313600004E+07  1.1096
  0  0.37  0.0000000000000000E+00  8.2254076313600004E+07  1.1081
  0  0.38  -1.4210854715202004E-14  8.2254076313600004E+07  1.1065
  0  0.40  0.0000000000000000E+00  8.2254076313600004E+07  1.1050
  0  0.42  0.0000000000000000E+00  8.2254076313600004E+07  1.1035
  0  0.43  0.0000000000000000E+00  8.2254076313600004E+07  1.1019
  0  0.45  0.0000000000000000E+00  8.2254076313600004E+07  1.1004
  0  0.47  0.0000000000000000E+00  8.2254076313600019E+07  1.0989
  0  0.48  0.0000000000000000E+00  8.2254076313600019E+07  1.0974
  0  0.50  0.0000000000000000E+00  8.2254076313600019E+07  1.0958
  0  0.52  0.0000000000000000E+00  8.2254076313600019E+07  1.0943
  0  0.53  0.0000000000000000E+00  8.2254076313600019E+07  1.0928
  0  0.55  0.0000000000000000E+00  8.2254076313600034E+07  1.0913
  0  0.57  0.0000000000000000E+00  8.2254076313600019E+07  1.0898
  0  0.58  0.0000000000000000E+00  8.2254076313600019E+07  1.0882
  0  0.60  0.0000000000000000E+00  8.2254076313600019E+07  1.0867
  0  0.62  0.0000000000000000E+00  8.2254076313600004E+07  1.0852
  0  0.63  0.0000000000000000E+00  8.2254076313600004E+07  1.0837
  0  0.65  0.0000000000000000E+00  8.2254076313600004E+07  1.0822
  0  0.67  0.0000000000000000E+00  8.2254076313600004E+07  1.0807
  0  0.68  0.0000000000000000E+00  8.2254076313600004E+07  1.0792
  0  0.70  0.0000000000000000E+00  8.2254076313600004E+07  1.0777
  0  0.72  0.0000000000000000E+00  8.2254076313600004E+07  1.0762
  0  0.73  0.0000000000000000E+00  8.2254076313600004E+07  1.0747
  0  0.75  0.0000000000000000E+00  8.2254076313600019E+07  1.0732
  0  0.77  0.0000000000000000E+00  8.2254076313600019E+07  1.0717
  0  0.78  0.0000000000000000E+00  8.2254076313600019E+07  1.0702
  0  0.80  0.0000000000000000E+00  8.2254076313600019E+07  1.0688
  0  0.82  0.0000000000000000E+00  8.2254076313600034E+07  1.0673
  0  0.83  0.0000000000000000E+00  8.2254076313600034E+07  1.0658
  0  0.85  0.0000000000000000E+00  8.2254076313600034E+07  1.0643
  0  0.87  0.0000000000000000E+00  8.2254076313600034E+07  1.0628
  0  0.88  0.0000000000000000E+00  8.2254076313600034E+07  1.0614
  0  0.90  0.0000000000000000E+00  8.2254076313600034E+07  1.0599
  0  0.92  0.0000000000000000E+00  8.2254076313600034E+07  1.0584
  0  0.93  0.0000000000000000E+00  8.2254076313600019E+07  1.0569
  0  0.95  0.0000000000000000E+00  8.2254076313600019E+07  1.0555
  0  0.97  0.0000000000000000E+00  8.2254076313600019E+07  1.0540
  0  0.98  0.0000000000000000E+00  8.2254076313600034E+07  1.0525
  0  1.00  0.0000000000000000E+00  8.2254076313600019E+07  1.0511
  0  1.02  0.0000000000000000E+00  8.2254076313600019E+07  1.0496
  0  1.03  0.0000000000000000E+00  8.2254076313600019E+07  1.0482
  0  1.05  0.0000000000000000E+00  8.2254076313600019E+07  1.0467
  0  1.07  0.0000000000000000E+00  8.2254076313600019E+07  1.0453
  0  1.08  0.0000000000000000E+00  8.2254076313600019E+07  1.0438
  0  1.10  0.0000000000000000E+00  8.2254076313600019E+07  1.0423
  0  1.12  0.0000000000000000E+00  8.2254076313600004E+07  1.0409
  0  1.13  0.0000000000000000E+00  8.2254076313600004E+07  1.0395
  0  1.15  0.0000000000000000E+00  8.2254076313600004E+07  1.0380
  0  1.17  0.0000000000000000E+00  8.2254076313600004E+07  1.0366
  0  1.18  0.0000000000000000E+00  8.2254076313600004E+07  1.0351
  0  1.20  0.0000000000000000E+00  8.2254076313600004E+07  1.0337
  0  1.22  0.0000000000000000E+00  8.2254076313600004E+07  1.0323
  0  1.23  0.0000000000000000E+00  8.2254076313600004E+07  1.0308
  0  1.25  0.0000000000000000E+00  8.2254076313599989E+07  1.0294
  0  1.27  0.0000000000000000E+00  8.2254076313599989E+07  1.0280
  0  1.28  0.0000000000000000E+00  8.2254076313599989E+07  1.0265
  0  1.30  0.0000000000000000E+00  8.2254076313599989E+07  1.0251
  0  1.32  0.0000000000000000E+00  8.2254076313599989E+07  1.0237
  0  1.33  0.0000000000000000E+00  8.2254076313600004E+07  1.0223
  0  1.35  0.0000000000000000E+00  8.2254076313600004E+07  1.0208
  0  1.37  0.0000000000000000E+00  8.2254076313600004E+07  1.0194
  0  1.38  0.0000000000000000E+00  8.2254076313600004E+07  1.0180
  0  1.40  0.0000000000000000E+00  8.2254076313600004E+07  1.0166
  0  1.42  0.0000000000000000E+00  8.2254076313599989E+07  1.0152
  0  1.43  0.0000000000000000E+00  8.2254076313600004E+07  1.0138
  0  1.45  0.0000000000000000E+00  8.2254076313600004E+07  1.0124
  0  1.47  0.0000000000000000E+00  8.2254076313600004E+07  1.0110
  0  1.48  0.0000000000000000E+00  8.2254076313600004E+07  1.0096
  0  1.50  0.0000000000000000E+00  8.2254076313600004E+07  1.0082
  0  1.52  0.0000000000000000E+00  8.2254076313600004E+07  1.0068
  0  1.53  0.0000000000000000E+00  8.2254076313600004E+07  1.0054
  0  1.55  0.0000000000000000E+00  8.2254076313599989E+07  1.0040
  0  1.57  0.0000000000000000E+00  8.2254076313599989E+07  1.0026
  0  1.58  0.0000000000000000E+00  8.2254076313600004E+07  1.0012
  0  1.60  0.0000000000000000E+00  8.2254076313600004E+07  0.9998
  0  1.62  0.0000000000000000E+00  8.2254076313600004E+07  0.9984
  0  1.63  0.0000000000000000E+00  8.2254076313600004E+07  0.9970
  0  1.65  0.0000000000000000E+00  8.2254076313600004E+07  0.9956
  0  1.67  0.0000000000000000E+00  8.2254076313600004E+07  0.9942
  0  1.68  0.0000000000000000E+00  8.2254076313600004E+07  0.9929
  0  1.70  0.0000000000000000E+00  8.2254076313600004E+07  0.9915
  0  1.72  0.0000000000000000E+00  8.2254076313600004E+07  0.9901
  0  1.73  0.0000000000000000E+00  8.2254076313600004E+07  0.9887
  0  1.75  0.0000000000000000E+00  8.2254076313600004E+07  0.9874
  0  1.77  0.0000000000000000E+00  8.2254076313600004E+07  0.9860
  0  1.78  0.0000000000000000E+00  8.2254076313600004E+07  0.9846
  0  1.80  0.0000000000000000E+00  8.2254076313600004E+07  0.9832
  0  1.82  0.0000000000000000E+00  8.2254076313600004E+07  0.9819
  0  1.83  0.0000000000000000E+00  8.2254076313600004E+07  0.9805
  0  1.85  0.0000000000000000E+00  8.2254076313599989E+07  0.9792
  0  1.87  0.0000000000000000E+00  8.2254076313599989E+07  0.9778
  0  1.88  0.0000000000000000E+00  8.2254076313600004E+07  0.9764
  0  1.90  0.0000000000000000E+00  8.2254076313600004E+07  0.9751
  0  1.92  0.0000000000000000E+00  8.2254076313600004E+07  0.9737
  0  1.93  0.0000000000000000E+00  8.2254076313599989E+07  0.9724
  0  1.95  0.0000000000000000E+00  8.2254076313600004E+07  0.9710
  0  1.97  0.0000000000000000E+00  8.2254076313600004E+07  0.9697
  0  1.98  0.0000000000000000E+00  8.2254076313600004E+07  0.9683
  0  2.00  0.0000000000000000E+00  8.2254076313600004E+07  0.9670
  0  2.02  0.0000000000000000E+00  8.2254076313600004E+07  0.9656
  0  2.03  0.0000000000000000E+00  8.2254076313599989E+07  0.9643
  0  2.05  0.0000000000000000E+00  8.2254076313600004E+07  0.9630
  0  2.07  0.0000000000000000E+00  8.2254076313599989E+07  0.9616
  0  2.08  0.0000000000000000E+00  8.2254076313600004E+07  0.9603
  0  2.10  0.0000000000000000E+00  8.2254076313600004E+07  0.9590
  0  2.12  0.0000000000000000E+00  8.2254076313599989E+07  0.9576
  0  2.13  0.0000000000000000E+00  8.2254076313600004E+07  0.9563
  0  2.15  0.0000000000000000E+00  8.2254076313599989E+07  0.9550
  0  2.17  0.0000000000000000E+00  8.2254076313599989E+07  0.9536
  0  2.18  0.0000000000000000E+00  8.2254076313599989E+07  0.9523
  0  2.20  0.0000000000000000E+00  8.2254076313599989E+07  0.9510
  0  2.22  0.0000000000000000E+00  8.2254076313600004E+07  0.9497
  0  2.23  0.0000000000000000E+00  8.2254076313600004E+07  0.9483
  0  2.25  0.0000000000000000E+00  8.2254076313600004E+07  0.9470
  0  2.27  0.0000000000000000E+00  8.2254076313600004E+07  0.9457
  0  2.28  0.0000000000000000E+00  8.2254076313600004E+07  0.9444
  0  2.30  0.0000000000000000E+00  8.2254076313600004E+07  0.9431
  0  2.32  0.0000000000000000E+00  8.2254076313600004E+07  0.9418
  0  2.33  0.0000000000000000E+00  8.2254076313600004E+07  0.9405
  0  2.35  0.0000000000000000E+00  8.2254076313600004E+07  0.9392
  0  2.37  0.0000000000000000E+00  8.2254076313600004E+07  0.9379
  0  2.38  0.0000000000000000E+00  8.2254076313600004E+07  0.9366
  0  2.40  0.0000000000000000E+00  8.2254076313600004E+07  0.9353
  0  2.42  0.0000000000000000E+00  8.2254076313600004E+07  0.9340
  0  2.43  0.0000000000000000E+00  8.2254076313600019E+07  0.9327
  0  2.45  0.0000000000000000E+00  8.2254076313600019E+07  0.9314
  0  2.47  0.0000000000000000E+00  8.2254076313600004E+07  0.9301
  0  2.48  0.0000000000000000E+00  8.2254076313600019E+07  0.9288
  0  2.50  0.0000000000000000E+00  8.2254076313600019E+07  0.9275
  0  2.52  0.0000000000000000E+00  8.2254076313600019E+07  0.9262
  0  2.53  0.0000000000000000E+00  8.2254076313600019E+07  0.9249
  0  2.55  0.0000000000000000E+00  8.2254076313600004E+07  0.9236
  0  2.57  0.0000000000000000E+00  8.2254076313600004E+07  0.9224
  0  2.58  0.0000000000000000E+00  8.2254076313600004E+07  0.9211
  0  2.60  0.0000000000000000E+00  8.2254076313600004E+07  0.9198
  0  2.62  0.0000000000000000E+00  8.2254076313600004E+07  0.9185
  0  2.63  0.0000000000000000E+00  8.2254076313600019E+07  0.9172
  0  2.65  0.0000000000000000E+00  8.2254076313600019E+07  0.9160
  0  2.67  0.0000000000000000E+00  8.2254076313600019E+07  0.9147
  0  2.68  0.0000000000000000E+00  8.2254076313600019E+07  0.9134
  0  2.70  0.0000000000000000E+00  8.2254076313600004E+07  0.9122
  0  2.72  0.0000000000000000E+00  8.2254076313600004E+07  0.9109
  0  2.73  0.0000000000000000E+00  8.2254076313600019E+07  0.9096
  0  2.75  0.0000000000000000E+00  8.2254076313600019E+07  0.9084
  0  2.77  0.0000000000000000E+00  8.2254076313600019E+07  0.9071
  0  2.78  0.0000000000000000E+00  8.2254076313600019E+07  0.9058
  0  2.80  0.0000000000000000E+00  8.2254076313600019E+07  0.9046
  0  2.82  0.0000000000000000E+00  8.2254076313600019E+07  0.9033
  0  2.83  0.0000000000000000E+00  8.2254076313600019E+07  0.9021
  0  2.85  0.0000000000000000E+00  8.2254076313600019E+07  0.9008
  0  2.87  0.0000000000000000E+00  8.2254076313600019E+07  0.8996
  0  2.88  0.0000000000000000E+00  8.2254076313600019E+07  0.8983
  0  2.90  0.0000000000000000E+00  8.2254076313600034E+07  0.8971
  0  2.92  0.0000000000000000E+00  8.2254076313600034E+07  0.8958
  0  2.93  0.0000000000000000E+00  8.2254076313600034E+07  0.8946
  0  2.95  0.0000000000000000E+00  8.2254076313600034E+07  0.8933
  0  2.97  0.0000000000000000E+00  8.2254076313600034E+07  0.8921
  0  2.98  0.0000000000000000E+00  8.2254076313600034E+07  0.8909
  0  3.00  0.0000000000000000E+00  8.2254076313600034E+07  0.8896
  0  3.02  0.0000000000000000E+00  8.2254076313600034E+07  0.8884
  0  3.03  0.0000000000000000E+00  8.2254076313600034E+07  0.8871
  0  3.05  0.0000000000000000E+00  8.2254076313600034E+07  0.8859
  0  3.07  0.0000000000000000E+00  8.2254076313600034E+07  0.8847
  0  3.08  0.0000000000000000E+00  8.2254076313600034E+07  0.8835
  0  3.10  0.0000000000000000E+00  8.2254076313600034E+07  0.8822
  0  3.12  0.0000000000000000E+00  8.2254076313600034E+07  0.8810
  0  3.13  0.0000000000000000E+00  8.2254076313600034E+07  0.8798
  0  3.15  0.0000000000000000E+00  8.2254076313600034E+07  0.8786
  0  3.17  0.0000000000000000E+00  8.2254076313600034E+07  0.8773
  0  3.18  0.0000000000000000E+00  8.2254076313600034E+07  0.8761
  0  3.20  0.0000000000000000E+00  8.2254076313600019E+07  0.8749
  0  3.22  0.0000000000000000E+00  8.2254076313600019E+07  0.8737
  0  3.23  0.0000000000000000E+00  8.2254076313600019E+07  0.8725
  0  3.25  0.0000000000000000E+00  8.2254076313600019E+07  0.8713
  0  3.27  0.0000000000000000E+00  8.2254076313600034E+07  0.8701
  0  3.28  0.0000000000000000E+00  8.2254076313600034E+07  0.8688
  0  3.30  0.0000000000000000E+00  8.2254076313600034E+07  0.8676
  0  3.32  0.0000000000000000E+00  8.2254076313600034E+07  0.8664
  0  3.33  0.0000000000000000E+00  8.2254076313600048E+07  0.8652
  0  3.35  0.0000000000000000E+00  8.2254076313600048E+07  0.8640
  0  3.37  0.0000000000000000E+00  8.2254076313600048E+07  0.8628
  0  3.38  0.0000000000000000E+00  8.2254076313600034E+07  0.8616
  0  3.40  0.0000000000000000E+00  8.2254076313600034E+07  0.8604
  0  3.42  0.0000000000000000E+00  8.2254076313600034E+07  0.8592
  0  3.43  0.0000000000000000E+00  8.2254076313600034E+07  0.8580
  0  3.45  0.0000000000000000E+00  8.2254076313600034E+07  0.8569
  0  3.47  0.0000000000000000E+00  8.2254076313600034E+07  0.8557
  0  3.48  0.0000000000000000E+00  8.2254076313600034E+07  0.8545
  0  3.50  0.0000000000000000E+00  8.2254076313600034E+07  0.8533
  0  3.52  0.0000000000000000E+00  8.2254076313600034E+07  0.8521
  0  3.53  0.0000000000000000E+00  8.2254076313600034E+07  0.8509
  0  3.55  0.0000000000000000E+00  8.2254076313600048E+07  0.8497
  0  3.57  0.0000000000000000E+00  8.2254076313600034E+07  0.8486
  0  3.58  0.0000000000000000E+00  8.2254076313600048E+07  0.8474
  0  3.60  0.0000000000000000E+00  8.2254076313600048E+07  0.8462
  0  3.62  0.0000000000000000E+00  8.2254076313600048E+07  0.8450
  0  3.63  0.0000000000000000E+00  8.2254076313600048E+07  0.8438
  0  3.65  0.0000000000000000E+00  8.2254076313600048E+07  0.8427
  0  3.67  0.0000000000000000E+00  8.2254076313600048E+07  0.8415
  0  3.68  0.0000000000000000E+00  8.2254076313600048E+07  0.8403
  0  3.70  0.0000000000000000E+00  8.2254076313600048E+07  0.8392
  0  3.72  0.0000000000000000E+00  8.2254076313600048E+07  0.8380
  0  3.73  0.0000000000000000E+00  8.2254076313600063E+07  0.8368
  0  3.75  0.0000000000000000E+00  8.2254076313600063E+07  0.8357
  0  3.77  0.0000000000000000E+00  8.2254076313600063E+07  0.8345
  0  3.78  0.0000000000000000E+00  8.2254076313600078E+07  0.8334
  0  3.80  0.0000000000000000E+00  8.2254076313600078E+07  0.8322
  0  3.82  0.0000000000000000E+00  8.2254076313600078E+07  0.8310
  0  3.83  0.0000000000000000E+00  8.2254076313600078E+07  0.8299
  0  3.85  0.0000000000000000E+00  8.2254076313600078E+07  0.8287
  0  3.87  0.0000000000000000E+00  8.2254076313600078E+07  0.8276
  0  3.88  0.0000000000000000E+00  8.2254076313600093E+07  0.8264
  0  3.90  0.0000000000000000E+00  8.2254076313600093E+07  0.8253
  0  3.92  0.0000000000000000E+00  8.2254076313600093E+07  0.8241
  0  3.93  0.0000000000000000E+00  8.2254076313600093E+07  0.8230
  0  3.95  0.0000000000000000E+00  8.2254076313600093E+07  0.8219
  0  3.97  0.0000000000000000E+00  8.2254076313600078E+07  0.8207
  0  3.98  0.0000000000000000E+00  8.2254076313600078E+07  0.8196
  0  4.00  0.0000000000000000E+00  8.2254076313600078E+07  0.8184
  0  4.02  0.0000000000000000E+00  8.2254076313600078E+07  0.8173
  0  4.03  0.0000000000000000E+00  8.2254076313600078E+07  0.8162
  0  4.05  0.0000000000000000E+00  8.2254076313600078E+07  0.8150
  0  4.07  0.0000000000000000E+00  8.2254076313600078E+07  0.8139
  0  4.08  0.0000000000000000E+00  8.2254076313600078E+07  0.8128
  0  4.10  0.0000000000000000E+00  8.2254076313600078E+07  0.8116
  0  4.12  0.0000000000000000E+00  8.2254076313600078E+07  0.8105
  0  4.13  0.0000000000000000E+00  8.2254076313600078E+07  0.8094
  0  4.15  0.0000000000000000E+00  8.2254076313600078E+07  0.8083
  0  4.17  0.0000000000000000E+00  8.2254076313600078E+07  0.8071
  0  4.18  0.0000000000000000E+00  8.2254076313600063E+07  0.8060
  0  4.20  0.0000000000000000E+00  8.2254076313600063E+07  0.8049
  0  4.22  0.0000000000000000E+00  8.2254076313600063E+07  0.8038
  0  4.23  0.0000000000000000E+00  8.2254076313600063E+07  0.8027
  0  4.25  0.0000000000000000E+00  8.2254076313600078E+07  0.8016
  0  4.27  0.0000000000000000E+00  8.2254076313600078E+07  0.8004
  0  4.28  0.0000000000000000E+00  8.2254076313600078E+07  0.7993
  0  4.30  0.0000000000000000E+00  8.2254076313600063E+07  0.7982
  0  4.32  0.0000000000000000E+00  8.2254076313600078E+07  0.7971
  0  4.33  0.0000000000000000E+00  8.2254076313600078E+07  0.7960
  0  4.35  0.0000000000000000E+00  8.2254076313600078E+07  0.7949
  0  4.37  0.0000000000000000E+00  8.2254076313600078E+07  0.7938
  0  4.38  0.0000000000000000E+00  8.2254076313600093E+07  0.7927
  0  4.40  0.0000000000000000E+00  8.2254076313600078E+07  0.7916
  0  4.42  0.0000000000000000E+00  8.2254076313600078E+07  0.7905
  0  4.43  0.0000000000000000E+00  8.2254076313600078E+07  0.7894
  0  4.45  0.0000000000000000E+00  8.2254076313600078E+07  0.7883
  0  4.47  0.0000000000000000E+00  8.2254076313600078E+07  0.7872
  0  4.48  0.0000000000000000E+00  8.2254076313600078E+07  0.7861
  0  4.50  0.0000000000000000E+00  8.2254076313600078E+07  0.7850
  0  4.52  0.0000000000000000E+00  8.2254076313600093E+07  0.7839
  0  4.53  0.0000000000000000E+00  8.2254076313600078E+07  0.7828
  0  4.55  0.0000000000000000E+00  8.2254076313600093E+07  0.7817
  0  4.57  0.0000000000000000E+00  8.2254076313600093E+07  0.7807
  0  4.58  0.0000000000000000E+00  8.2254076313600093E+07  0.7796
  0  4.60  0.0000000000000000E+00  8.2254076313600093E+07  0.7785
  0  4.62  0.0000000000000000E+00  8.2254076313600078E+07  0.7774
  0  4.63  0.0000000000000000E+00  8.2254076313600078E+07  0.7763
  0  4.65  0.0000000000000000E+00  8.2254076313600078E+07  0.7753
  0  4.67  0.0000000000000000E+00  8.2254076313600078E+07  0.7742
  0  4.68  0.0000000000000000E+00  8.2254076313600078E+07  0.7731
  0  4.70  0.0000000000000000E+00  8.2254076313600078E+07  0.7720
  0  4.72  0.0000000000000000E+00  8.2254076313600078E+07  0.7710
  0  4.73  0.0000000000000000E+00  8.2254076313600093E+07  0.7699
  0  4.75  0.0000000000000000E+00  8.2254076313600093E+07  0.7688
  0  4.77  0.0000000000000000E+00  8.2254076313600093E+07  0.7678
  0  4.78  0.0000000000000000E+00  8.2254076313600093E+07  0.7667
  0  4.80  0.0000000000000000E+00  8.2254076313600093E+07  0.7656
  0  4.82  0.0000000000000000E+00  8.2254076313600093E+07  0.7646
  0  4.83  0.0000000000000000E+00  8.2254076313600078E+07  0.7635
  0  4.85  0.0000000000000000E+00  8.2254076313600078E+07  0.7624
  0  4.87  0.0000000000000000E+00  8.2254076313600078E+07  0.7614
  0  4.88  0.0000000000000000E+00  8.2254076313600078E+07  0.7603
  0  4.90  0.0000000000000000E+00  8.2254076313600078E+07  0.7593
  0  4.92  0.0000000000000000E+00  8.2254076313600078E+07  0.7582
  0  4.93  0.0000000000000000E+00  8.2254076313600078E+07  0.7572
  0  4.95  0.0000000000000000E+00  8.2254076313600078E+07  0.7561
  0  4.97  0.0000000000000000E+00  8.2254076313600078E+07  0.7551
  0  4.98  0.0000000000000000E+00  8.2254076313600093E+07  0.7540
  0  5.00  0.0000000000000000E+00  8.2254076313600093E+07  0.7530
  0  5.02  0.0000000000000000E+00  8.2254076313600093E+07  0.7519
  0  5.03  0.0000000000000000E+00  8.2254076313600108E+07  0.7509
  0  5.05  0.0000000000000000E+00  8.2254076313600108E+07  0.7498
  0  5.07  0.0000000000000000E+00  8.2254076313600108E+07  0.7488
  0  5.08  0.0000000000000000E+00  8.2254076313600108E+07  0.7477
  0  5.10  0.0000000000000000E+00  8.2254076313600108E+07  0.7467
  0  5.12  0.0000000000000000E+00  8.2254076313600123E+07  0.7457
  0  5.13  0.0000000000000000E+00  8.2254076313600108E+07  0.7446
  0  5.15  0.0000000000000000E+00  8.2254076313600123E+07  0.7436
  0  5.17  0.0000000000000000E+00  8.2254076313600123E+07  0.7426
  0  5.18  0.0000000000000000E+00  8.2254076313600123E+07  0.7415
  0  5.20  0.0000000000000000E+00  8.2254076313600123E+07  0.7405
  0  5.22  0.0000000000000000E+00  8.2254076313600123E+07  0.7395
  0  5.23  0.0000000000000000E+00  8.2254076313600123E+07  0.7384
  0  5.25  0.0000000000000000E+00  8.2254076313600123E+07  0.7374
  0  5.27  0.0000000000000000E+00  8.2254076313600123E+07  0.7364
  0  5.28  0.0000000000000000E+00  8.2254076313600123E+07  0.7354
  0  5.30  0.0000000000000000E+00  8.2254076313600123E+07  0.7344
  0  5.32  0.0000000000000000E+00  8.2254076313600123E+07  0.7333
  0  5.33  0.0000000000000000E+00  8.2254076313600123E+07  0.7323
  0  5.35  0.0000000000000000E+00  8.2254076313600123E+07  0.7313
  0  5.37  0.0000000000000000E+00  8.2254076313600123E+07  0.7303
  0  5.38  0.0000000000000000E+00  8.2254076313600108E+07  0.7293
  0  5.40  0.0000000000000000E+00  8.2254076313600108E+07  0.7283
  0  5.42  0.0000000000000000E+00  8.2254076313600108E+07  0.7272
  0  5.43  0.0000000000000000E+00  8.2254076313600108E+07  0.7262
  0  5.45  0.0000000000000000E+00  8.2254076313600108E+07  0.7252
  0  5.47  0.0000000000000000E+00  8.2254076313600108E+07  0.7242
  0  5.48  0.0000000000000000E+00  8.2254076313600108E+07  0.7232
  0  5.50  0.0000000000000000E+00  8.2254076313600108E+07  0.7222
  0  5.52  0.0000000000000000E+00  8.2254076313600108E+07  0.7212
  0  5.53  0.0000000000000000E+00  8.2254076313600108E+07  0.7202
  0  5.55  0.0000000000000000E+00  8.2254076313600108E+07  0.7192
  0  5.57  0.0000000000000000E+00  8.2254076313600108E+07  0.7182
  0  5.58  0.0000000000000000E+00  8.2254076313600108E+07  0.7172
  0  5.60  0.0000000000000000E+00  8.2254076313600123E+07  0.7162
  0  5.62  0.0000000000000000E+00  8.2254076313600123E+07  0.7152
  0  5.63  0.0000000000000000E+00  8.2254076313600123E+07  0.7142
  0  5.65  0.0000000000000000E+00  8.2254076313600123E+07  0.7132
  0  5.67  0.0000000000000000E+00  8.2254076313600123E+07  0.7122
  0  5.68  0.0000000000000000E+00  8.2254076313600123E+07  0.7112
  0  5.70  0.0000000000000000E+00  8.2254076313600123E+07  0.7103
  0  5.72  0.0000000000000000E+00  8.2254076313600123E+07  0.7093
  0  5.73  0.0000000000000000E+00  8.2254076313600138E+07  0.7083
  0  5.75  0.0000000000000000E+00  8.2254076313600123E+07  0.7073
  0  5.77  0.0000000000000000E+00  8.2254076313600123E+07  0.7063
  0  5.78  0.0000000000000000E+00  8.2254076313600123E+07  0.7053
  0  5.80  0.0000000000000000E+00  8.2254076313600123E+07  0.7044
  0  5.82  0.0000000000000000E+00  8.2254076313600123E+07  0.7034
  0  5.83  0.0000000000000000E+00  8.2254076313600123E+07  0.7024
  0  5.85  0.0000000000000000E+00  8.2254076313600123E+07  0.7014
  0  5.87  0.0000000000000000E+00  8.2254076313600108E+07  0.7005
  0  5.88  0.0000000000000000E+00  8.2254076313600108E+07  0.6995
  0  5.90  0.0000000000000000E+00  8.2254076313600108E+07  0.6985
  0  5.92  0.0000000000000000E+00  8.2254076313600108E+07  0.6975
  0  5.93  0.0000000000000000E+00  8.2254076313600123E+07  0.6966
  0  5.95  0.0000000000000000E+00  8.2254076313600123E+07  0.6956
  0  5.97  0.0000000000000000E+00  8.2254076313600123E+07  0.6946
  0  5.98  0.0000000000000000E+00  8.2254076313600123E+07  0.6937
  0  6.00  0.0000000000000000E+00  8.2254076313600123E+07  0.6927
  0  6.02  0.0000000000000000E+00  8.2254076313600123E+07  0.6918
  0  6.03  0.0000000000000000E+00  8.2254076313600123E+07  0.6908
  0  6.05  0.0000000000000000E+00  8.2254076313600123E+07  0.6898
  0  6.07  0.0000000000000000E+00  8.2254076313600123E+07  0.6889
  0  6.08  0.0000000000000000E+00  8.2254076313600123E+07  0.6879
  0  6.10  0.0000000000000000E+00  8.2254076313600123E+07  0.6870
  0  6.12  0.0000000000000000E+00  8.2254076313600123E+07  0.6860
  0  6.13  0.0000000000000000E+00  8.2254076313600123E+07  0.6851
  0  6.15  0.0000000000000000E+00  8.2254076313600123E+07  0.6841
  0  6.17  0.0000000000000000E+00  8.2254076313600123E+07  0.6832
  0  6.18  0.0000000000000000E+00  8.2254076313600108E+07  0.6822
  0  6.20  0.0000000000000000E+00  8.2254076313600108E+07  0.6813
  0  6.22  0.0000000000000000E+00  8.2254076313600108E+07  0.6803
  0  6.23  0.0000000000000000E+00  8.2254076313600108E+07  0.6794
  0  6.25  0.0000000000000000E+00  8.2254076313600108E+07  0.6784
  0  6.27  0.0000000000000000E+00  8.2254076313600108E+07  0.6775
  0  6.28  0.0000000000000000E+00  8.2254076313600108E+07  0.6765
  0  6.30  0.0000000000000000E+00  8.2254076313600108E+07  0.6756
  0  6.32  0.0000000000000000E+00  8.2254076313600093E+07  0.6747
  0  6.33  0.0000000000000000E+00  8.2254076313600093E+07  0.6737
  0  6.35  0.0000000000000000E+00  8.2254076313600093E+07  0.6728
  0  6.37  0.0000000000000000E+00  8.2254076313600093E+07  0.6719
  0  6.38  0.0000000000000000E+00  8.2254076313600093E+07  0.6709
  0  6.40  0.0000000000000000E+00  8.2254076313600093E+07  0.6700
  0  6.42  0.0000000000000000E+00  8.2254076313600093E+07  0.6691
  0  6.43  0.0000000000000000E+00  8.2254076313600093E+07  0.6681
  0  6.45  0.0000000000000000E+00  8.2254076313600093E+07  0.6672
  0  6.47  0.0000000000000000E+00  8.2254076313600093E+07  0.6663
  0  6.48  0.0000000000000000E+00  8.2254076313600093E+07  0.6653
  0  6.50  0.0000000000000000E+00  8.2254076313600093E+07  0.6644
  0  6.52  0.0000000000000000E+00  8.2254076313600093E+07  0.6635
  0  6.53  0.0000000000000000E+00  8.2254076313600093E+07  0.6626
  0  6.55  0.0000000000000000E+00  8.2254076313600093E+07  0.6617
  0  6.57  0.0000000000000000E+00  8.2254076313600093E+07  0.6607
  0  6.58  0.0000000000000000E+00  8.2254076313600093E+07  0.6598
  0  6.60  0.0000000000000000E+00  8.2254076313600093E+07  0.6589
  0  6.62  0.0000000000000000E+00  8.2254076313600093E+07  0.6580
  0  6.63  0.0000000000000000E+00  8.2254076313600093E+07  0.6571
  0  6.65  0.0000000000000000E+00  8.2254076313600108E+07  0.6562
  0  6.67  7.1054273576010019E-15  8.2254076313600093E+07  0.6553
  0  6.68  0.0000000000000000E+00  8.2254076313600108E+07  0.6543
  0  6.70  0.0000000000000000E+00  8.2254076313600108E+07  0.6534
  0  6.72  0.0000000000000000E+00  8.2254076313600093E+07  0.6525
  0  6.73  0.0000000000000000E+00  8.2254076313600093E+07  0.6516
  0  6.75  0.0000000000000000E+00  8.2254076313600093E+07  0.6507
  0  6.77  0.0000000000000000E+00  8.2254076313600093E+07  0.6498
  0  6.78  0.0000000000000000E+00  8.2254076313600078E+07  0.6489
  0  6.80  0.0000000000000000E+00  8.2254076313600078E+07  0.6480
  0  6.82  0.0000000000000000E+00  8.2254076313600093E+07  0.6471
  0  6.83  0.0000000000000000E+00  8.2254076313600093E+07  0.6462
  0  6.85  0.0000000000000000E+00  8.2254076313600093E+07  0.6453
  0  6.87  0.0000000000000000E+00  8.2254076313600093E+07  0.6444
  0  6.88  0.0000000000000000E+00  8.2254076313600093E+07  0.6435
  0  6.90  0.0000000000000000E+00  8.2254076313600093E+07  0.6426
  0  6.92  0.0000000000000000E+00  8.2254076313600093E+07  0.6417
  0  6.93  0.0000000000000000E+00  8.2254076313600093E+07  0.6408
  0  6.95  0.0000000000000000E+00  8.2254076313600093E+07  0.6400
  0  6.97  0.0000000000000000E+00  8.2254076313600093E+07  0.6391
  0  6.98  0.0000000000000000E+00  8.2254076313600093E+07  0.6382
  0  7.00  0.0000000000000000E+00  8.2254076313600093E+07  0.6373
  0  7.02  0.0000000000000000E+00  8.2254076313600093E+07  0.6364
  0  7.03  0.0000000000000000E+00  8.2254076313600093E+07  0.6355
  0  7.05  0.0000000000000000E+00  8.2254076313600078E+07  0.6346
  0  7.07  0.0000000000000000E+00  8.2254076313600078E+07  0.6338
  0  7.08  0.0000000000000000E+00  8.2254076313600078E+07  0.6329
  0  7.10  0.0000000000000000E+00  8.2254076313600093E+07  0.6320
  0  7.12  0.0000000000000000E+00  8.2254076313600078E+07  0.6311
  0  7.13  0.0000000000000000E+00  8.2254076313600093E+07  0.6302
  0  7.15  0.0000000000000000E+00  8.2254076313600093E+07  0.6294
  0  7.17  0.0000000000000000E+00  8.2254076313600093E+07  0.6285
  0  7.18  0.0000000000000000E+00  8.2254076313600093E+07  0.6276
  0  7.20  0.0000000000000000E+00  8.2254076313600093E+07  0.6267
  0  7.22  0.0000000000000000E+00  8.2254076313600093E+07  0.6259
  0  7.23  0.0000000000000000E+00  8.2254076313600093E+07  0.6250
  0  7.25  0.0000000000000000E+00  8.2254076313600093E+07  0.6241
  0  7.27  0.0000000000000000E+00  8.2254076313600093E+07  0.6233
  0  7.28  0.0000000000000000E+00  8.2254076313600093E+07  0.6224
  0  7.30  0.0000000000000000E+00  8.2254076313600093E+07  0.6215
  0  7.32  0.0000000000000000E+00  8.2254076313600093E+07  0.6207
  0  7.33  0.0000000000000000E+00  8.2254076313600093E+07  0.6198
  0  7.35  0.0000000000000000E+00  8.2254076313600093E+07  0.6190
  0  7.37  0.0000000000000000E+00  8.2254076313600108E+07  0.6181
  0  7.38  0.0000000000000000E+00  8.2254076313600108E+07  0.6172
  0  7.40  0.0000000000000000E+00  8.2254076313600108E+07  0.6164
  0  7.42  0.0000000000000000E+00  8.2254076313600093E+07  0.6155
  0  7.43  0.0000000000000000E+00  8.2254076313600093E+07  0.6147
  0  7.45  0.0000000000000000E+00  8.2254076313600108E+07  0.6138
  0  7.47  0.0000000000000000E+00  8.2254076313600093E+07  0.6130
  0  7.48  0.0000000000000000E+00  8.2254076313600093E+07  0.6121
  0  7.50  0.0000000000000000E+00  8.2254076313600093E+07  0.6113
  0  7.52  0.0000000000000000E+00  8.2254076313600108E+07  0.6104
  0  7.53  0.0000000000000000E+00  8.2254076313600108E+07  0.6096
  0  7.55  0.0000000000000000E+00  8.2254076313600108E+07  0.6087
  0  7.57  0.0000000000000000E+00  8.2254076313600108E+07  0.6079
  0  7.58  0.0000000000000000E+00  8.2254076313600093E+07  0.6070
  0  7.60  0.0000000000000000E+00  8.2254076313600108E+07  0.6062
  0  7.62  0.0000000000000000E+00  8.2254076313600108E+07  0.6053
  0  7.63  0.0000000000000000E+00  8.2254076313600108E+07  0.6045
  0  7.65  0.0000000000000000E+00  8.2254076313600108E+07  0.6037
  0  7.67  0.0000000000000000E+00  8.2254076313600108E+07  0.6028
  0  7.68  0.0000000000000000E+00  8.2254076313600108E+07  0.6020
  0  7.70  0.0000000000000000E+00  8.2254076313600108E+07  0.6012
  0  7.72  0.0000000000000000E+00  8.2254076313600108E+07  0.6003
  0  7.73  0.0000000000000000E+00  8.2254076313600108E+07  0.5995
  0  7.75  0.0000000000000000E+00  8.2254076313600108E+07  0.5987
  0  7.77  0.0000000000000000E+00  8.2254076313600108E+07  0.5978
  0  7.78  0.0000000000000000E+00  8.2254076313600093E+07  0.5970
  0  7.80  0.0000000000000000E+00  8.2254076313600093E+07  0.5962
  0  7.82  0.0000000000000000E+00  8.2254076313600093E+07  0.5953
  0  7.83  0.0000000000000000E+00  8.2254076313600093E+07  0.5945
  0  7.85  0.0000000000000000E+00  8.2254076313600093E+07  0.5937
  0  7.87  0.0000000000000000E+00  8.2254076313600108E+07  0.5929
  0  7.88  0.0000000000000000E+00  8.2254076313600093E+07  0.5920
  0  7.90  0.0000000000000000E+00  8.2254076313600093E+07  0.5912
  0  7.92  0.0000000000000000E+00  8.2254076313600093E+07  0.5904
  0  7.93  0.0000000000000000E+00  8.2254076313600093E+07  0.5896
  0  7.95  0.0000000000000000E+00  8.2254076313600108E+07  0.5888
  0  7.97  -7.1054273576010019E-15  8.2254076313600108E+07  0.5879
  0  7.98  0.0000000000000000E+00  8.2254076313600108E+07  0.5871
  0  8.00  0.0000000000000000E+00  8.2254076313600108E+07  0.5863
  0  8.02  0.0000000000000000E+00  8.2254076313600108E+07  0.5855
  0  8.03  0.0000000000000000E+00  8.2254076313600093E+07  0.5847
  0  8.05  0.0000000000000000E+00  8.2254076313600093E+07  0.5839
  0  8.07  0.0000000000000000E+00  8.2254076313600093E+07  0.5831
  0  8.08  0.0000000000000000E+00  8.2254076313600093E+07  0.5822
  0  8.10  0.0000000000000000E+00  8.2254076313600093E+07  0.5814
  0  8.12  0.0000000000000000E+00  8.2254076313600093E+07  0.5806
  0  8.13  0.0000000000000000E+00  8.2254076313600093E+07  0.5798
  0  8.15  0.0000000000000000E+00  8.2254076313600093E+07  0.5790
  0  8.17  0.0000000000000000E+00  8.2254076313600093E+07  0.5782
  0  8.18  0.0000000000000000E+00  8.2254076313600078E+07  0.5774
  0  8.20  0.0000000000000000E+00  8.2254076313600093E+07  0.5766
  0  8.22  0.0000000000000000E+00  8.2254076313600093E+07  0.5758
  0  8.23  0.0000000000000000E+00  8.2254076313600078E+07  0.5750
  0  8.25  0.0000000000000000E+00  8.2254076313600078E+07  0.5742
  0  8.27  0.0000000000000000E+00  8.2254076313600063E+07  0.5734
  0  8.28  0.0000000000000000E+00  8.2254076313600063E+07  0.5726
  0  8.30  0.0000000000000000E+00  8.2254076313600063E+07  0.5718
  0  8.32  0.0000000000000000E+00  8.2254076313600063E+07  0.5710
  0  8.33  0.0000000000000000E+00  8.2254076313600063E+07  0.5702
  0  8.35  0.0000000000000000E+00  8.2254076313600063E+07  0.5694
  0  8.37  0.0000000000000000E+00  8.2254076313600063E+07  0.5686
  0  8.38  0.0000000000000000E+00  8.2254076313600063E+07  0.5679
  0  8.40  0.0000000000000000E+00  8.2254076313600048E+07  0.5671
  0  8.42  0.0000000000000000E+00  8.2254076313600063E+07  0.5663
  0  8.43  0.0000000000000000E+00  8.2254076313600048E+07  0.5655
  0  8.45  0.0000000000000000E+00  8.2254076313600063E+07  0.5647
  0  8.47  0.0000000000000000E+00  8.2254076313600063E+07  0.5639
  0  8.48  0.0000000000000000E+00  8.2254076313600063E+07  0.5631
  0  8.50  0.0000000000000000E+00  8.2254076313600048E+07  0.5624
  0  8.52  0.0000000000000000E+00  8.2254076313600048E+07  0.5616
  0  8.53  0.0000000000000000E+00  8.2254076313600063E+07  0.5608
  0  8.55  0.0000000000000000E+00  8.2254076313600063E+07  0.5600
  0  8.57  0.0000000000000000E+00  8.2254076313600063E+07  0.5592
  0  8.58  0.0000000000000000E+00  8.2254076313600063E+07  0.5585
  0  8.60  0.0000000000000000E+00  8.2254076313600078E+07  0.5577
  0  8.62  0.0000000000000000E+00  8.2254076313600078E+07  0.5569
  0  8.63  0.0000000000000000E+00  8.2254076313600078E+07  0.5561
  0  8.65  0.0000000000000000E+00  8.2254076313600078E+07  0.5554
  0  8.67  0.0000000000000000E+00  8.2254076313600078E+07  0.5546
  0  8.68  0.0000000000000000E+00  8.2254076313600078E+07  0.5538
  0  8.70  0.0000000000000000E+00  8.2254076313600078E+07  0.5531
  0  8.72  0.0000000000000000E+00  8.2254076313600078E+07  0.5523
  0  8.73  0.0000000000000000E+00  8.2254076313600093E+07  0.5515
  0  8.75  0.0000000000000000E+00  8.2254076313600078E+07  0.5508
  0  8.77  0.0000000000000000E+00  8.2254076313600078E+07  0.5500
  0  8.78  0.0000000000000000E+00  8.2254076313600078E+07  0.5492
  0  8.80  0.0000000000000000E+00  8.2254076313600078E+07  0.5485
  0  8.82  0.0000000000000000E+00  8.2254076313600093E+07  0.5477
  0  8.83  0.0000000000000000E+00  8.2254076313600078E+07  0.5469
  0  8.85  0.0000000000000000E+00  8.2254076313600093E+07  0.5462
  0  8.87  0.0000000000000000E+00  8.2254076313600093E+07  0.5454
  0  8.88  0.0000000000000000E+00  8.2254076313600093E+07  0.5447
  0  8.90  0.0000000000000000E+00  8.2254076313600078E+07  0.5439
  0  8.92  0.0000000000000000E+00  8.2254076313600093E+07  0.5432
  0  8.93  0.0000000000000000E+00  8.2254076313600093E+07  0.5424
  0  8.95  0.0000000000000000E+00  8.2254076313600078E+07  0.5416
  0  8.97  0.0000000000000000E+00  8.2254076313600093E+07  0.5409
  0  8.98  0.0000000000000000E+00  8.2254076313600078E+07  0.5401
  0  9.00  0.0000000000000000E+00  8.2254076313600078E+07  0.5394
  0  9.02  0.0000000000000000E+00  8.2254076313600093E+07  0.5386
  0  9.03  0.0000000000000000E+00  8.2254076313600093E+07  0.5379
  0  9.05  0.0000000000000000E+00  8.2254076313600093E+07  0.5371
  0  9.07  0.0000000000000000E+00  8.2254076313600078E+07  0.5364
  0  9.08  0.0000000000000000E+00  8.2254076313600093E+07  0.5357
  0  9.10  0.0000000000000000E+00  8.2254076313600078E+07  0.5349
  0  9.12  0.0000000000000000E+00  8.2254076313600078E+07  0.5342
  0  9.13  0.0000000000000000E+00  8.2254076313600078E+07  0.5334
  0  9.15  0.0000000000000000E+00  8.2254076313600078E+07  0.5327
  0  9.17  0.0000000000000000E+00  8.2254076313600078E+07  0.5319
  0  9.18  0.0000000000000000E+00  8.2254076313600078E+07  0.5312
  0  9.20  0.0000000000000000E+00  8.2254076313600093E+07  0.5305
  0  9.22  0.0000000000000000E+00  8.2254076313600093E+07  0.5297
  0  9.23  0.0000000000000000E+00  8.2254076313600093E+07  0.5290
  0  9.25  0.0000000000000000E+00  8.2254076313600078E+07  0.5283
  0  9.27  0.0000000000000000E+00  8.2254076313600093E+07  0.5275
  0  9.28  0.0000000000000000E+00  8.2254076313600093E+07  0.5268
  0  9.30  0.0000000000000000E+00  8.2254076313600093E+07  0.5261
  0  9.32  0.0000000000000000E+00  8.2254076313600093E+07  0.5253
  0  9.33  0.0000000000000000E+00  8.2254076313600078E+07  0.5246
  0  9.35  0.0000000000000000E+00  8.2254076313600078E+07  0.5239
  0  9.37  0.0000000000000000E+00  8.2254076313600078E+07  0.5231
  0  9.38  0.0000000000000000E+00  8.2254076313600093E+07  0.5224
  0  9.40  0.0000000000000000E+00  8.2254076313600093E+07  0.5217
  0  9.42  0.0000000000000000E+00  8.2254076313600108E+07  0.5210
  0  9.43  0.0000000000000000E+00  8.2254076313600108E+07  0.5202
  0  9.45  0.0000000000000000E+00  8.2254076313600108E+07  0.5195
  0  9.47  0.0000000000000000E+00  8.2254076313600108E+07  0.5188
  0  9.48  0.0000000000000000E+00  8.2254076313600108E+07  0.5181
  0  9.50  0.0000000000000000E+00  8.2254076313600108E+07  0.5174
  0  9.52  0.0000000000000000E+00  8.2254076313600108E+07  0.5166
  0  9.53  0.0000000000000000E+00  8.2254076313600108E+07  0.5159
  0  9.55  0.0000000000000000E+00  8.2254076313600108E+07  0.5152
  0  9.57  0.0000000000000000E+00  8.2254076313600108E+07  0.5145
  0  9.58  0.0000000000000000E+00  8.2254076313600108E+07  0.5138
  0  9.60  0.0000000000000000E+00  8.2254076313600108E+07  0.5131
  0  9.62  0.0000000000000000E+00  8.2254076313600123E+07  0.5124
  0  9.63  0.0000000000000000E+00  8.2254076313600123E+07  0.5116
  0  9.65  0.0000000000000000E+00  8.2254076313600123E+07  0.5109
  0  9.67  0.0000000000000000E+00  8.2254076313600123E+07  0.5102
  0  9.68  0.0000000000000000E+00  8.2254076313600123E+07  0.5095
  0  9.70  0.0000000000000000E+00  8.2254076313600123E+07  0.5088
  0  9.72  0.0000000000000000E+00  8.2254076313600108E+07  0.5081
  0  9.73  0.0000000000000000E+00  8.2254076313600108E+07  0.5074
  0  9.75  0.0000000000000000E+00  8.2254076313600108E+07  0.5067
  0  9.77  0.0000000000000000E+00  8.2254076313600108E+07  0.5060
  0  9.78  0.0000000000000000E+00  8.2254076313600093E+07  0.5053
  0  9.80  0.0000000000000000E+00  8.2254076313600093E+07  0.5046
  0  9.82  0.0000000000000000E+00  8.2254076313600093E+07  0.5039
  0  9.83  0.0000000000000000E+00  8.2254076313600078E+07  0.5032
  0  9.85  0.0000000000000000E+00  8.2254076313600078E+07  0.5025
  0  9.87  0.0000000000000000E+00  8.2254076313600093E+07  0.5018
  0  9.88  0.0000000000000000E+00  8.2254076313600093E+07  0.5011
  0  9.90  0.0000000000000000E+00  8.2254076313600093E+07  0.5004
  0  9.92  0.0000000000000000E+00  8.2254076313600078E+07  0.4997
  0  9.93  0.0000000000000000E+00  8.2254076313600078E+07  0.4990
  0  9.95  0.0000000000000000E+00  8.2254076313600078E+07  0.4983
  0  9.97  0.0000000000000000E+00  8.2254076313600078E+07  0.4976
  0  9.98  0.0000000000000000E+00  8.2254076313600078E+07  0.4969
  0  10.00  0.0000000000000000E+00  8.2254076313600078E+07  0.4962
  0  10.02  0.0000000000000000E+00  8.2254076313600063E+07  0.4955
  0  10.03  0.0000000000000000E+00  8.2254076313600063E+07  0.4949
  0  10.05  0.0000000000000000E+00  8.2254076313600063E+07  0.4942
  0  10.07  0.0000000000000000E+00  8.2254076313600063E+07  0.4935
  0  10.08  0.0000000000000000E+00  8.2254076313600063E+07  0.4928
  0  10.10  0.0000000000000000E+00  8.2254076313600063E+07  0.4921
  0  10.12  0.0000000000000000E+00  8.2254076313600063E+07  0.4914
  0  10.13  0.0000000000000000E+00  8.2254076313600063E+07  0.4907
  0  10.15  0.0000000000000000E+00  8.2254076313600063E+07  0.4901
  0  10.17  0.0000000000000000E+00  8.2254076313600063E+07  0.4894
  0  10.18  0.0000000000000000E+00  8.2254076313600063E+07  0.4887
  0  10.20  0.0000000000000000E+00  8.2254076313600063E+07  0.4880
  0  10.22  0.0000000000000000E+00  8.2254076313600063E+07  0.4874
  0  10.23  0.0000000000000000E+00  8.2254076313600063E+07  0.4867
  0  10.25  0.0000000000000000E+00  8.2254076313600063E+07  0.4860
  0  10.27  0.0000000000000000E+00  8.2254076313600063E+07  0.4853
  0  10.28  0.0000000000000000E+00  8.2254076313600063E+07  0.4846
  0  10.30  0.0000000000000000E+00  8.2254076313600063E+07  0.4840
  0  10.32  0.0000000000000000E+00  8.2254076313600063E+07  0.4833
  0  10.33  0.0000000000000000E+00  8.2254076313600063E+07  0.4826
  0  10.35  0.0000000000000000E+00  8.2254076313600063E+07  0.4820
  0  10.37  0.0000000000000000E+00  8.2254076313600063E+07  0.4813
  0  10.38  0.0000000000000000E+00  8.2254076313600063E+07  0.4806
  0  10.40  0.0000000000000000E+00  8.2254076313600063E+07  0.4800
  0  10.42  0.0000000000000000E+00  8.2254076313600063E+07  0.4793
  0  10.43  0.0000000000000000E+00  8.2254076313600063E+07  0.4786
  0  10.45  0.0000000000000000E+00  8.2254076313600048E+07  0.4780
  0  10.47  0.0000000000000000E+00  8.2254076313600048E+07  0.4773
  0  10.48  0.0000000000000000E+00  8.2254076313600048E+07  0.4766
  0  10.50  0.0000000000000000E+00  8.2254076313600034E+07  0.4760
  0  10.52  0.0000000000000000E+00  8.2254076313600034E+07  0.4753
  0  10.53  0.0000000000000000E+00  8.2254076313600034E+07  0.4746
  0  10.55  0.0000000000000000E+00  8.2254076313600034E+07  0.4740
  0  10.57  0.0000000000000000E+00  8.2254076313600048E+07  0.4733
  0  10.58  0.0000000000000000E+00  8.2254076313600048E+07  0.4727
  0  10.60  0.0000000000000000E+00  8.2254076313600048E+07  0.4720
  0  10.62  0.0000000000000000E+00  8.2254076313600048E+07  0.4714
  0  10.63  0.0000000000000000E+00  8.2254076313600048E+07  0.4707
  0  10.65  0.0000000000000000E+00  8.2254076313600048E+07  0.4701
  0  10.67  0.0000000000000000E+00  8.2254076313600034E+07  0.4694
  0  10.68  0.0000000000000000E+00  8.2254076313600048E+07  0.4687
  0  10.70  0.0000000000000000E+00  8.2254076313600048E+07  0.4681
  0  10.72  0.0000000000000000E+00  8.2254076313600048E+07  0.4674
  0  10.73  0.0000000000000000E+00  8.2254076313600048E+07  0.4668
  0  10.75  0.0000000000000000E+00  8.2254076313600048E+07  0.4661
  0  10.77  0.0000000000000000E+00  8.2254076313600048E+07  0.4655
  0  10.78  0.0000000000000000E+00  8.2254076313600034E+07  0.4649
  0  10.80  0.0000000000000000E+00  8.2254076313600034E+07  0.4642
  0  10.82  0.0000000000000000E+00  8.2254076313600034E+07  0.4636
  0  10.83  0.0000000000000000E+00  8.2254076313600034E+07  0.4629
  0  10.85  0.0000000000000000E+00  8.2254076313600034E+07  0.4623
  0  10.87  0.0000000000000000E+00  8.2254076313600034E+07  0.4616
  0  10.88  0.0000000000000000E+00  8.2254076313600034E+07  0.4610
  0  10.90  0.0000000000000000E+00  8.2254076313600034E+07  0.4604
  0  10.92  0.0000000000000000E+00  8.2254076313600034E+07  0.4597
  0  10.93  0.0000000000000000E+00  8.2254076313600034E+07  0.4591
  0  10.95  0.0000000000000000E+00  8.2254076313600034E+07  0.4584
  0  10.97  0.0000000000000000E+00  8.2254076313600019E+07  0.4578
  0  10.98  0.0000000000000000E+00  8.2254076313600019E+07  0.4572
  0  11.00  0.0000000000000000E+00  8.2254076313600019E+07  0.4565
  0  11.02  0.0000000000000000E+00  8.2254076313600004E+07  0.4559
  0  11.03  0.0000000000000000E+00  8.2254076313600004E+07  0.4553
  0  11.05  0.0000000000000000E+00  8.2254076313600004E+07  0.4546
  0  11.07  0.0000000000000000E+00  8.2254076313600019E+07  0.4540
  0  11.08  0.0000000000000000E+00  8.2254076313600004E+07  0.4534
  0  11.10  0.0000000000000000E+00  8.2254076313600004E+07  0.4527
  0  11.12  0.0000000000000000E+00  8.2254076313600019E+07  0.4521
  0  11.13  0.0000000000000000E+00  8.2254076313600019E+07  0.4515
  0  11.15  0.0000000000000000E+00  8.2254076313600004E+07  0.4509
  0  11.17  0.0000000000000000E+00  8.2254076313600019E+07  0.4502
  0  11.18  0.0000000000000000E+00  8.2254076313600004E+07  0.4496
  0  11.20  7.1054273576010019E-15  8.2254076313600004E+07  0.4490
  0  11.22  0.0000000000000000E+00  8.2254076313600004E+07  0.4484
  0  11.23  0.0000000000000000E+00  8.2254076313600004E+07  0.4477
  0  11.25  0.0000000000000000E+00  8.2254076313600004E+07  0.4471
  0  11.27  0.0000000000000000E+00  8.2254076313600004E+07  0.4465
  0  11.28  0.0000000000000000E+00  8.2254076313600004E+07  0.4459
  0  11.30  0.0000000000000000E+00  8.2254076313600004E+07  0.4453
  0  11.32  0.0000000000000000E+00  8.2254076313599989E+07  0.4446
  0  11.33  0.0000000000000000E+00  8.2254076313599989E+07  0.4440
  0  11.35  0.0000000000000000E+00  8.2254076313599989E+07  0.4434
  0  11.37  0.0000000000000000E+00  8.2254076313599989E+07  0.4428
  0  11.38  0.0000000000000000E+00  8.2254076313599989E+07  0.4422
  0  11.40  0.0000000000000000E+00  8.2254076313600004E+07  0.4416
  0  11.42  0.0000000000000000E+00  8.2254076313600004E+07  0.4409
  0  11.43  0.0000000000000000E+00  8.2254076313600004E+07  0.4403
  0  11.45  0.0000000000000000E+00  8.2254076313600004E+07  0.4397
  0  11.47  0.0000000000000000E+00  8.2254076313600004E+07  0.4391
  0  11.48  0.0000000000000000E+00  8.2254076313600004E+07  0.4385
  0  11.50  0.0000000000000000E+00  8.2254076313600004E+07  0.4379
  0  11.52  0.0000000000000000E+00  8.2254076313600004E+07  0.4373
  0  11.53  0.0000000000000000E+00  8.2254076313600004E+07  0.4367
  0  11.55  0.0000000000000000E+00  8.2254076313600004E+07  0.4361
  0  11.57  0.0000000000000000E+00  8.2254076313600004E+07  0.4355
  0  11.58  0.0000000000000000E+00  8.2254076313600004E+07  0.4349
  0  11.60  0.0000000000000000E+00  8.2254076313600004E+07  0.4343
  0  11.62  0.0000000000000000E+00  8.2254076313600004E+07  0.4336
  0  11.63  0.0000000000000000E+00  8.2254076313600004E+07  0.4330
  0  11.65  0.0000000000000000E+00  8.2254076313600004E+07  0.4324
  0  11.67  0.0000000000000000E+00  8.2254076313600004E+07  0.4318
  0  11.68  0.0000000000000000E+00  8.2254076313600004E+07  0.4312
  0  11.70  0.0000000000000000E+00  8.2254076313599989E+07  0.4306
  0  11.72  0.0000000000000000E+00  8.2254076313599989E+07  0.4300
  0  11.73  0.0000000000000000E+00  8.2254076313599989E+07  0.4295
  0  11.75  0.0000000000000000E+00  8.2254076313599989E+07  0.4289
  0  11.77  0.0000000000000000E+00  8.2254076313599989E+07  0.4283
  0  11.78  0.0000000000000000E+00  8.2254076313599989E+07  0.4277
  0  11.80  0.0000000000000000E+00  8.2254076313600004E+07  0.4271
  0  11.82  0.0000000000000000E+00  8.2254076313600004E+07  0.4265
  0  11.83  0.0000000000000000E+00  8.2254076313600004E+07  0.4259
  0  11.85  0.0000000000000000E+00  8.2254076313600019E+07  0.4253
  0  11.87  0.0000000000000000E+00  8.2254076313600004E+07  0.4247
  0  11.88  0.0000000000000000E+00  8.2254076313600004E+07  0.4241
  0  11.90  0.0000000000000000E+00  8.2254076313600004E+07  0.4235
  0  11.92  0.0000000000000000E+00  8.2254076313600004E+07  0.4229
  0  11.93  0.0000000000000000E+00  8.2254076313600019E+07  0.4223
  0  11.95  0.0000000000000000E+00  8.2254076313600019E+07  0.4218
  0  11.97  0.0000000000000000E+00  8.2254076313600019E+07  0.4212
  0  11.98  0.0000000000000000E+00  8.2254076313600019E+07  0.4206
  0  12.00  0.0000000000000000E+00  8.2254076313600019E+07  0.4200
  0  12.02  0.0000000000000000E+00  8.2254076313600019E+07  0.4194
  0  12.03  0.0000000000000000E+00  8.2254076313600019E+07  0.4188
  0  12.05  0.0000000000000000E+00  8.2254076313600034E+07  0.4183
  0  12.07  0.0000000000000000E+00  8.2254076313600034E+07  0.4177
  0  12.08  0.0000000000000000E+00  8.2254076313600034E+07  0.4171
  0  12.10  0.0000000000000000E+00  8.2254076313600034E+07  0.4165
  0  12.12  0.0000000000000000E+00  8.2254076313600034E+07  0.4159
  0  12.13  0.0000000000000000E+00  8.2254076313600034E+07  0.4154
  0  12.15  0.0000000000000000E+00  8.2254076313600034E+07  0.4148
  0  12.17  0.0000000000000000E+00  8.2254076313600034E+07  0.4142
  0  12.18  0.0000000000000000E+00  8.2254076313600034E+07  0.4136
  0  12.20  0.0000000000000000E+00  8.2254076313600034E+07  0.4131
  0  12.22  0.0000000000000000E+00  8.2254076313600034E+07  0.4125
  0  12.23  0.0000000000000000E+00  8.2254076313600034E+07  0.4119
  0  12.25  0.0000000000000000E+00  8.2254076313600034E+07  0.4113
  0  12.27  0.0000000000000000E+00  8.2254076313600034E+07  0.4108
  0  12.28  0.0000000000000000E+00  8.2254076313600019E+07  0.4102
  0  12.30  0.0000000000000000E+00  8.2254076313600019E+07  0.4096
  0  12.32  0.0000000000000000E+00  8.2254076313600019E+07  0.4091
  0  12.33  0.0000000000000000E+00  8.2254076313600019E+07  0.4085
  0  12.35  0.0000000000000000E+00  8.2254076313600034E+07  0.4079
  0  12.37  0.0000000000000000E+00  8.2254076313600034E+07  0.4074
  0  12.38  0.0000000000000000E+00  8.2254076313600034E+07  0.4068
  0  12.40  0.0000000000000000E+00  8.2254076313600034E+07  0.4062
  0  12.42  0.0000000000000000E+00  8.2254076313600034E+07  0.4057
  0  12.43  0.0000000000000000E+00  8.2254076313600034E+07  0.4051
  0  12.45  0.0000000000000000E+00  8.2254076313600034E+07  0.4045
  0  12.47  0.0000000000000000E+00  8.2254076313600034E+07  0.4040
  0  12.48  0.0000000000000000E+00  8.2254076313600034E+07  0.4034
  0  12.50  0.0000000000000000E+00  8.2254076313600034E+07  0.4029
  0  12.52  0.0000000000000000E+00  8.2254076313600034E+07  0.4023
  0  12.53  0.0000000000000000E+00  8.2254076313600034E+07  0.4017
  0  12.55  0.0000000000000000E+00  8.2254076313600034E+07  0.4012
  0  12.57  0.0000000000000000E+00  8.2254076313600034E+07  0.4006
  0  12.58  0.0000000000000000E+00  8.2254076313600034E+07  0.4001
  0  12.60  0.0000000000000000E+00  8.2254076313600034E+07  0.3995
  0  12.62  0.0000000000000000E+00  8.2254076313600034E+07  0.3990
  0  12.63  0.0000000000000000E+00  8.2254076313600034E+07  0.3984
  0  12.65  0.0000000000000000E+00  8.2254076313600034E+07  0.3978
  0  12.67  0.0000000000000000E+00  8.2254076313600034E+07  0.3973
  0  12.68  0.0000000000000000E+00  8.2254076313600034E+07  0.3967
  0  12.70  0.0000000000000000E+00  8.2254076313600019E+07  0.3962
  0  12.72  0.0000000000000000E+00  8.2254076313600034E+07  0.3956
  0  12.73  0.0000000000000000E+00  8.2254076313600034E+07  0.3951
  0  12.75  0.0000000000000000E+00  8.2254076313600034E+07  0.3945
  0  12.77  0.0000000000000000E+00  8.2254076313600034E+07  0.3940
  0  12.78  0.0000000000000000E+00  8.2254076313600034E+07  0.3934
  0  12.80  0.0000000000000000E+00  8.2254076313600034E+07  0.3929
  0  12.82  0.0000000000000000E+00  8.2254076313600034E+07  0.3924
  0  12.83  0.0000000000000000E+00  8.2254076313600034E+07  0.3918
  0  12.85  0.0000000000000000E+00  8.2254076313600034E+07  0.3913
  0  12.87  0.0000000000000000E+00  8.2254076313600034E+07  0.3907
  0  12.88  0.0000000000000000E+00  8.2254076313600034E+07  0.3902
  0  12.90  0.0000000000000000E+00  8.2254076313600034E+07  0.3896
  0  12.92  0.0000000000000000E+00  8.2254076313600034E+07  0.3891
  0  12.93  0.0000000000000000E+00  8.2254076313600034E+07  0.3886
  0  12.95  0.0000000000000000E+00  8.2254076313600034E+07  0.3880
  0  12.97  0.0000000000000000E+00  8.2254076313600034E+07  0.3875
  0  12.98  0.0000000000000000E+00  8.2254076313600048E+07  0.3869
  0  13.00  0.0000000000000000E+00  8.2254076313600048E+07  0.3864
  0  13.02  0.0000000000000000E+00  8.2254076313600048E+07  0.3859
  0  13.03  0.0000000000000000E+00  8.2254076313600048E+07  0.3853
  0  13.05  0.0000000000000000E+00  8.2254076313600048E+07  0.3848
  0  13.07  0.0000000000000000E+00  8.2254076313600048E+07  0.3843
  0  13.08  0.0000000000000000E+00  8.2254076313600063E+07  0.3837
  0  13.10  0.0000000000000000E+00  8.2254076313600048E+07  0.3832
  0  13.12  0.0000000000000000E+00  8.2254076313600048E+07  0.3827
  0  13.13  0.0000000000000000E+00  8.2254076313600063E+07  0.3821
  0  13.15  0.0000000000000000E+00  8.2254076313600063E+07  0.3816
  0  13.17  0.0000000000000000E+00  8.2254076313600063E+07  0.3811
  0  13.18  0.0000000000000000E+00  8.2254076313600063E+07  0.3805
  0  13.20  0.0000000000000000E+00  8.2254076313600048E+07  0.3800
  0  13.22  0.0000000000000000E+00  8.2254076313600048E+07  0.3795
  0  13.23  0.0000000000000000E+00  8.2254076313600048E+07  0.3790
  0  13.25  0.0000000000000000E+00  8.2254076313600048E+07  0.3784
  0  13.27  0.0000000000000000E+00  8.2254076313600048E+07  0.3779
  0  13.28  0.0000000000000000E+00  8.2254076313600048E+07  0.3774
  0  13.30  0.0000000000000000E+00  8.2254076313600048E+07  0.3769
  0  13.32  0.0000000000000000E+00  8.2254076313600048E+07  0.3763
  0  13.33  0.0000000000000000E+00  8.2254076313600048E+07  0.3758
  0  13.35  0.0000000000000000E+00  8.2254076313600048E+07  0.3753
  0  13.37  0.0000000000000000E+00  8.2254076313600048E+07  0.3748
  0  13.38  0.0000000000000000E+00  8.2254076313600063E+07  0.3742
  0  13.40  0.0000000000000000E+00  8.2254076313600063E+07  0.3737
  0  13.42  0.0000000000000000E+00  8.2254076313600063E+07  0.3732
  0  13.43  0.0000000000000000E+00  8.2254076313600063E+07  0.3727
  0  13.45  0.0000000000000000E+00  8.2254076313600063E+07  0.3722
  0  13.47  0.0000000000000000E+00  8.2254076313600063E+07  0.3717
  0  13.48  0.0000000000000000E+00  8.2254076313600078E+07  0.3711
  0  13.50  0.0000000000000000E+00  8.2254076313600078E+07  0.3706
  0  13.52  0.0000000000000000E+00  8.2254076313600078E+07  0.3701
  0  13.53  0.0000000000000000E+00  8.2254076313600078E+07  0.3696
  0  13.55  0.0000000000000000E+00  8.2254076313600078E+07  0.3691
  0  13.57  0.0000000000000000E+00  8.2254076313600063E+07  0.3686
  0  13.58  0.0000000000000000E+00  8.2254076313600063E+07  0.3681
  0  13.60  0.0000000000000000E+00  8.2254076313600063E+07  0.3675
  0  13.62  0.0000000000000000E+00  8.2254076313600063E+07  0.3670
  0  13.63  0.0000000000000000E+00  8.2254076313600063E+07  0.3665
  0  13.65  0.0000000000000000E+00  8.2254076313600063E+07  0.3660
  0  13.67  0.0000000000000000E+00  8.2254076313600063E+07  0.3655
  0  13.68  0.0000000000000000E+00  8.2254076313600063E+07  0.3650
  0  13.70  0.0000000000000000E+00  8.2254076313600078E+07  0.3645
  0  13.72  0.0000000000000000E+00  8.2254076313600078E+07  0.3640
  0  13.73  0.0000000000000000E+00  8.2254076313600078E+07  0.3635
  0  13.75  0.0000000000000000E+00  8.2254076313600078E+07  0.3630
  0  13.77  0.0000000000000000E+00  8.2254076313600063E+07  0.3625
  0  13.78  0.0000000000000000E+00  8.2254076313600078E+07  0.3620
  0  13.80  0.0000000000000000E+00  8.2254076313600078E+07  0.3615
  0  13.82  0.0000000000000000E+00  8.2254076313600078E+07  0.3610
  0  13.83  0.0000000000000000E+00  8.2254076313600078E+07  0.3605
  0  13.85  0.0000000000000000E+00  8.2254076313600078E+07  0.3600
  0  13.87  0.0000000000000000E+00  8.2254076313600078E+07  0.3595
  0  13.88  0.0000000000000000E+00  8.2254076313600078E+07  0.3590
  0  13.90  0.0000000000000000E+00  8.2254076313600063E+07  0.3585
  0  13.92  0.0000000000000000E+00  8.2254076313600078E+07  0.3580
  0  13.93  0.0000000000000000E+00  8.2254076313600078E+07  0.3575
  0  13.95  0.0000000000000000E+00  8.2254076313600078E+07  0.3570
  0  13.97  0.0000000000000000E+00  8.2254076313600078E+07  0.3565
  0  13.98  0.0000000000000000E+00  8.2254076313600063E+07  0.3560
  0  14.00  -7.1054273576010019E-15  8.2254076313600078E+07  0.3555
  0  14.02  0.0000000000000000E+00  8.2254076313600078E+07  0.3550
  0  14.03  7.1054273576010019E-15  8.2254076313600078E+07  0.3545
  0  14.05  0.0000000000000000E+00  8.2254076313600078E+07  0.3540
  0  14.07  0.0000000000000000E+00  8.2254076313600078E+07  0.3535
  0  14.08  0.0000000000000000E+00  8.2254076313600078E+07  0.3530
  0  14.10  0.0000000000000000E+00  8.2254076313600063E+07  0.3525
  0  14.12  0.0000000000000000E+00  8.2254076313600063E+07  0.3520
  0  14.13  0.0000000000000000E+00  8.2254076313600063E+07  0.3516
  0  14.15  0.0000000000000000E+00  8.2254076313600063E+07  0.3511
  0  14.17  0.0000000000000000E+00  8.2254076313600063E+07  0.3506
  0  14.18  0.0000000000000000E+00  8.2254076313600063E+07  0.3501
  0  14.20  0.0000000000000000E+00  8.2254076313600048E+07  0.3496
  0  14.22  0.0000000000000000E+00  8.2254076313600048E+07  0.3491
  0  14.23  0.0000000000000000E+00  8.2254076313600048E+07  0.3486
  0  14.25  0.0000000000000000E+00  8.2254076313600048E+07  0.3482
  0  14.27  0.0000000000000000E+00  8.2254076313600048E+07  0.3477
  0  14.28  0.0000000000000000E+00  8.2254076313600048E+07  0.3472
  0  14.30  0.0000000000000000E+00  8.2254076313600048E+07  0.3467
  0  14.32  0.0000000000000000E+00  8.2254076313600048E+07  0.3462
  0  14.33  0.0000000000000000E+00  8.2254076313600048E+07  0.3457
  0  14.35  0.0000000000000000E+00  8.2254076313600048E+07  0.3453
  0  14.37  0.0000000000000000E+00  8.2254076313600048E+07  0.3448
  0  14.38  0.0000000000000000E+00  8.2254076313600048E+07  0.3443
  0  14.40  0.0000000000000000E+00  8.2254076313600048E+07  0.3438
  0  14.42  0.0000000000000000E+00  8.2254076313600048E+07  0.3433
  0  14.43  0.0000000000000000E+00  8.2254076313600034E+07  0.3429
  0  14.45  0.0000000000000000E+00  8.2254076313600034E+07  0.3424
  0  14.47  0.0000000000000000E+00  8.2254076313600034E+07  0.3419
  0  14.48  0.0000000000000000E+00  8.2254076313600048E+07  0.3414
  0  14.50  0.0000000000000000E+00  8.2254076313600034E+07  0.3410
  0  14.52  0.0000000000000000E+00  8.2254076313600034E+07  0.3405
  0  14.53  0.0000000000000000E+00  8.2254076313600034E+07  0.3400
  0  14.55  0.0000000000000000E+00  8.2254076313600034E+07  0.3395
  0  14.57  0.0000000000000000E+00  8.2254076313600019E+07  0.3391
  0  14.58  0.0000000000000000E+00  8.2254076313600034E+07  0.3386
  0  14.60  0.0000000000000000E+00  8.2254076313600019E+07  0.3381
  0  14.62  0.0000000000000000E+00  8.2254076313600019E+07  0.3377
  0  14.63  0.0000000000000000E+00  8.2254076313600019E+07  0.3372
  0  14.65  0.0000000000000000E+00  8.2254076313600019E+07  0.3367
  0  14.67  7.1054273576010019E-15  8.2254076313600019E+07  0.3363
  0  14.68  0.0000000000000000E+00  8.2254076313600019E+07  0.3358
  0  14.70  0.0000000000000000E+00  8.2254076313600019E+07  0.3353
  0  14.72  0.0000000000000000E+00  8.2254076313600019E+07  0.3349
  0  14.73  0.0000000000000000E+00  8.2254076313600019E+07  0.3344
  0  14.75  0.0000000000000000E+00  8.2254076313600019E+07  0.3339
  0  14.77  0.0000000000000000E+00  8.2254076313600019E+07  0.3335
  0  14.78  0.0000000000000000E+00  8.2254076313600004E+07  0.3330
  0  14.80  0.0000000000000000E+00  8.2254076313600004E+07  0.3325
  0  14.82  0.0000000000000000E+00  8.2254076313600004E+07  0.3321
  0  14.83  0.0000000000000000E+00  8.2254076313600004E+07  0.3316
  0  14.85  0.0000000000000000E+00  8.2254076313600004E+07  0.3312
  0  14.87  0.0000000000000000E+00  8.2254076313599989E+07  0.3307
  0  14.88  0.0000000000000000E+00  8.2254076313599989E+07  0.3302
  0  14.90  0.0000000000000000E+00  8.2254076313599989E+07  0.3298
  0  14.92  0.0000000000000000E+00  8.2254076313599989E+07  0.3293
  0  14.93  0.0000000000000000E+00  8.2254076313599989E+07  0.3289
  0  14.95  0.0000000000000000E+00  8.2254076313599989E+07  0.3284
  0  14.97  0.0000000000000000E+00  8.2254076313599989E+07  0.3280
  0  14.98  0.0000000000000000E+00  8.2254076313599989E+07  0.3275
  0  15.00  0.0000000000000000E+00  8.2254076313599989E+07  0.3270
  0  15.02  0.0000000000000000E+00  8.2254076313599989E+07  0.3266
  0  15.03  0.0000000000000000E+00  8.2254076313599989E+07  0.3261
  0  15.05  0.0000000000000000E+00  8.2254076313599989E+07  0.3257
  0  15.07  0.0000000000000000E+00  8.2254076313599974E+07  0.3252
  0  15.08  0.0000000000000000E+00  8.2254076313599989E+07  0.3248
  0  15.10  0.0000000000000000E+00  8.2254076313599989E+07  0.3243
  0  15.12  0.0000000000000000E+00  8.2254076313599989E+07  0.3239
  0  15.13  0.0000000000000000E+00  8.2254076313599989E+07  0.3234
  0  15.15  0.0000000000000000E+00  8.2254076313599989E+07  0.3230
  0  15.17  0.0000000000000000E+00  8.2254076313599989E+07  0.3225
  0  15.18  0.0000000000000000E+00  8.2254076313599974E+07  0.3221
  0  15.20  0.0000000000000000E+00  8.2254076313599974E+07  0.3216
  0  15.22  0.0000000000000000E+00  8.2254076313599974E+07  0.3212
  0  15.23  3.5527136788005009E-15  8.2254076313599974E+07  0.3207
  0  15.25  0.0000000000000000E+00  8.2254076313599974E+07  0.3203
  0  15.27  0.0000000000000000E+00  8.2254076313599959E+07  0.3199
  0  15.28  0.0000000000000000E+00  8.2254076313599959E+07  0.3194
  0  15.30  0.0000000000000000E+00  8.2254076313599959E+07  0.3190
  0  15.32  0.0000000000000000E+00  8.2254076313599974E+07  0.3185
  0  15.33  0.0000000000000000E+00  8.2254076313599974E+07  0.3181
  0  15.35  0.0000000000000000E+00  8.2254076313599974E+07  0.3176
  0  15.37  0.0000000000000000E+00  8.2254076313599974E+07  0.3172
  0  15.38  0.0000000000000000E+00  8.2254076313599974E+07  0.3168
  0  15.40  0.0000000000000000E+00  8.2254076313599959E+07  0.3163
  0  15.42  0.0000000000000000E+00  8.2254076313599959E+07  0.3159
  0  15.43  0.0000000000000000E+00  8.2254076313599974E+07  0.3154
  0  15.45  0.0000000000000000E+00  8.2254076313599974E+07  0.3150
  0  15.47  0.0000000000000000E+00  8.2254076313599974E+07  0.3146
  0  15.48  0.0000000000000000E+00  8.2254076313599974E+07  0.3141
  0  15.50  0.0000000000000000E+00  8.2254076313599959E+07  0.3137
  0  15.52  0.0000000000000000E+00  8.2254076313599959E+07  0.3133
  0  15.53  0.0000000000000000E+00  8.2254076313599959E+07  0.3128
  0  15.55  0.0000000000000000E+00  8.2254076313599959E+07  0.3124
  0  15.57  0.0000000000000000E+00  8.2254076313599959E+07  0.3119
  0  15.58  0.0000000000000000E+00  8.2254076313599974E+07  0.3115
  0  15.60  0.0000000000000000E+00  8.2254076313599974E+07  0.3111
  0  15.62  0.0000000000000000E+00  8.2254076313599959E+07  0.3107
  0  15.63  0.0000000000000000E+00  8.2254076313599959E+07  0.3102
  0  15.65  0.0000000000000000E+00  8.2254076313599959E+07  0.3098
  0  15.67  0.0000000000000000E+00  8.2254076313599959E+07  0.3094
  0  15.68  0.0000000000000000E+00  8.2254076313599959E+07  0.3089
  0  15.70  0.0000000000000000E+00  8.2254076313599959E+07  0.3085
  0  15.72  0.0000000000000000E+00  8.2254076313599959E+07  0.3081
  0  15.73  0.0000000000000000E+00  8.2254076313599959E+07  0.3076
  0  15.75  0.0000000000000000E+00  8.2254076313599974E+07  0.3072
  0  15.77  0.0000000000000000E+00  8.2254076313599974E+07  0.3068
  0  15.78  0.0000000000000000E+00  8.2254076313599974E+07  0.3064
  0  15.80  0.0000000000000000E+00  8.2254076313599974E+07  0.3059
  0  15.82  0.0000000000000000E+00  8.2254076313599974E+07  0.3055
  0  15.83  0.0000000000000000E+00  8.2254076313599974E+07  0.3051
  0  15.85  0.0000000000000000E+00  8.2254076313599974E+07  0.3047
  0  15.87  0.0000000000000000E+00  8.2254076313599974E+07  0.3042
  0  15.88  0.0000000000000000E+00  8.2254076313599959E+07  0.3038
  0  15.90  0.0000000000000000E+00  8.2254076313599974E+07  0.3034
  0  15.92  0.0000000000000000E+00  8.2254076313599959E+07  0.3030
  0  15.93  0.0000000000000000E+00  8.2254076313599959E+07  0.3026
  0  15.95  0.0000000000000000E+00  8.2254076313599959E+07  0.3021
  0  15.97  0.0000000000000000E+00  8.2254076313599959E+07  0.3017
  0  15.98  0.0000000000000000E+00  8.2254076313599959E+07  0.3013
  0  16.00  0.0000000000000000E+00  8.2254076313599959E+07  0.3009
  0  16.02  0.0000000000000000E+00  8.2254076313599959E+07  0.3005
  0  16.03  0.0000000000000000E+00  8.2254076313599959E+07  0.3000
  0  16.05  0.0000000000000000E+00  8.2254076313599959E+07  0.2996
  0  16.07  0.0000000000000000E+00  8.2254076313599959E+07  0.2992
  0  16.08  0.0000000000000000E+00  8.2254076313599974E+07  0.2988
  0  16.10  0.0000000000000000E+00  8.2254076313599974E+07  0.2984
  0  16.12  0.0000000000000000E+00  8.2254076313599974E+07  0.2980
  0  16.13  0.0000000000000000E+00  8.2254076313599989E+07  0.2976
  0  16.15  0.0000000000000000E+00  8.2254076313599989E+07  0.2971
  0  16.17  0.0000000000000000E+00  8.2254076313599989E+07  0.2967
  0  16.18  0.0000000000000000E+00  8.2254076313599989E+07  0.2963
  0  16.20  0.0000000000000000E+00  8.2254076313599989E+07  0.2959
  0  16.22  0.0000000000000000E+00  8.2254076313599989E+07  0.2955
  0  16.23  0.0000000000000000E+00  8.2254076313599989E+07  0.2951
  0  16.25  0.0000000000000000E+00  8.2254076313599989E+07  0.2947
  0  16.27  0.0000000000000000E+00  8.2254076313599989E+07  0.2943
  0  16.28  0.0000000000000000E+00  8.2254076313599989E+07  0.2939
  0  16.30  0.0000000000000000E+00  8.2254076313599989E+07  0.2934
  0  16.32  0.0000000000000000E+00  8.2254076313600004E+07  0.2930
  0  16.33  0.0000000000000000E+00  8.2254076313599989E+07  0.2926
  0  16.35  0.0000000000000000E+00  8.2254076313599989E+07  0.2922
  0  16.37  0.0000000000000000E+00  8.2254076313599989E+07  0.2918
  0  16.38  0.0000000000000000E+00  8.2254076313599989E+07  0.2914
  0  16.40  0.0000000000000000E+00  8.2254076313599989E+07  0.2910
  0  16.42  0.0000000000000000E+00  8.2254076313599989E+07  0.2906
  0  16.43  0.0000000000000000E+00  8.2254076313599989E+07  0.2902
  0  16.45  0.0000000000000000E+00  8.2254076313599989E+07  0.2898
  0  16.47  0.0000000000000000E+00  8.2254076313599989E+07  0.2894
  0  16.48  0.0000000000000000E+00  8.2254076313599989E+07  0.2890
  0  16.50  0.0000000000000000E+00  8.2254076313599989E+07  0.2886
  0  16.52  0.0000000000000000E+00  8.2254076313599989E+07  0.2882
  0  16.53  0.0000000000000000E+00  8.2254076313599989E+07  0.2878
  0  16.55  0.0000000000000000E+00  8.2254076313599989E+07  0.2874
  0  16.57  0.0000000000000000E+00  8.2254076313599989E+07  0.2870
  0  16.58  0.0000000000000000E+00  8.2254076313599989E+07  0.2866
  0  16.60  0.0000000000000000E+00  8.2254076313599989E+07  0.2862
  0  16.62  0.0000000000000000E+00  8.2254076313599989E+07  0.2858
  0  16.63  0.0000000000000000E+00  8.2254076313600004E+07  0.2854
  0  16.65  0.0000000000000000E+00  8.2254076313599989E+07  0.2850
  0  16.67  0.0000000000000000E+00  8.2254076313600004E+07  0.2846
  0  16.68  0.0000000000000000E+00  8.2254076313600004E+07  0.2842
  0  16.70  0.0000000000000000E+00  8.2254076313600004E+07  0.2838
  0  16.72  0.0000000000000000E+00  8.2254076313600019E+07  0.2834
  0  16.73  0.0000000000000000E+00  8.2254076313600019E+07  0.2830
  0  16.75  0.0000000000000000E+00  8.2254076313600004E+07  0.2826
  0  16.77  0.0000000000000000E+00  8.2254076313600004E+07  0.2822
  0  16.78  0.0000000000000000E+00  8.2254076313600004E+07  0.2819
  0  16.80  0.0000000000000000E+00  8.2254076313600019E+07  0.2815
  0  16.82  0.0000000000000000E+00  8.2254076313600004E+07  0.2811
  0  16.83  0.0000000000000000E+00  8.2254076313600004E+07  0.2807
  0  16.85  0.0000000000000000E+00  8.2254076313600004E+07  0.2803
  0  16.87  0.0000000000000000E+00  8.2254076313600004E+07  0.2799
  0  16.88  0.0000000000000000E+00  8.2254076313600019E+07  0.2795
  0  16.90  0.0000000000000000E+00  8.2254076313600004E+07  0.2791
  0  16.92  0.0000000000000000E+00  8.2254076313600004E+07  0.2787
  0  16.93  0.0000000000000000E+00  8.2254076313600004E+07  0.2783
  0  16.95  0.0000000000000000E+00  8.2254076313600004E+07  0.2780
  0  16.97  0.0000000000000000E+00  8.2254076313600004E+07  0.2776
  0  16.98  0.0000000000000000E+00  8.2254076313600004E+07  0.2772
  0  17.00  0.0000000000000000E+00  8.2254076313600004E+07  0.2768
  0  17.02  0.0000000000000000E+00  8.2254076313600019E+07  0.2764
  0  17.03  0.0000000000000000E+00  8.2254076313600019E+07  0.2760
  0  17.05  0.0000000000000000E+00  8.2254076313600019E+07  0.2757
  0  17.07  0.0000000000000000E+00  8.2254076313600019E+07  0.2753
  0  17.08  0.0000000000000000E+00  8.2254076313600019E+07  0.2749
  0  17.10  0.0000000000000000E+00  8.2254076313600019E+07  0.2745
  0  17.12  0.0000000000000000E+00  8.2254076313600019E+07  0.2741
  0  17.13  0.0000000000000000E+00  8.2254076313600019E+07  0.2737
  0  17.15  0.0000000000000000E+00  8.2254076313600019E+07  0.2734
  0  17.17  0.0000000000000000E+00  8.2254076313600019E+07  0.2730
  0  17.18  0.0000000000000000E+00  8.2254076313600019E+07  0.2726
  0  17.20  0.0000000000000000E+00  8.2254076313600019E+07  0.2722
  0  17.22  0.0000000000000000E+00  8.2254076313600004E+07  0.2718
  0  17.23  0.0000000000000000E+00  8.2254076313600019E+07  0.2715
  0  17.25  0.0000000000000000E+00  8.2254076313600019E+07  0.2711
  0  17.27  0.0000000000000000E+00  8.2254076313600019E+07  0.2707
  0  17.28  0.0000000000000000E+00  8.2254076313600034E+07  0.2703
  0  17.30  0.0000000000000000E+00  8.2254076313600034E+07  0.2700
  0  17.32  0.0000000000000000E+00  8.2254076313600034E+07  0.2696
  0  17.33  0.0000000000000000E+00  8.2254076313600034E+07  0.2692
  0  17.35  0.0000000000000000E+00  8.2254076313600034E+07  0.2688
  0  17.37  0.0000000000000000E+00  8.2254076313600034E+07  0.2685
  0  17.38  0.0000000000000000E+00  8.2254076313600034E+07  0.2681
  0  17.40  0.0000000000000000E+00  8.2254076313600034E+07  0.2677
  0  17.42  0.0000000000000000E+00  8.2254076313600034E+07  0.2674
  0  17.43  0.0000000000000000E+00  8.2254076313600034E+07  0.2670
  0  17.45  0.0000000000000000E+00  8.2254076313600019E+07  0.2666
  0  17.47  0.0000000000000000E+00  8.2254076313600034E+07  0.2662
  0  17.48  0.0000000000000000E+00  8.2254076313600034E+07  0.2659
  0  17.50  0.0000000000000000E+00  8.2254076313600034E+07  0.2655
  0  17.52  0.0000000000000000E+00  8.2254076313600034E+07  0.2651
  0  17.53  0.0000000000000000E+00  8.2254076313600034E+07  0.2648
  0  17.55  0.0000000000000000E+00  8.2254076313600034E+07  0.2644
  0  17.57  0.0000000000000000E+00  8.2254076313600019E+07  0.2640
  0  17.58  0.0000000000000000E+00  8.2254076313600019E+07  0.2637
  0  17.60  0.0000000000000000E+00  8.2254076313600019E+07  0.2633
  0  17.62  0.0000000000000000E+00  8.2254076313600019E+07  0.2629
  0  17.63  0.0000000000000000E+00  8.2254076313600019E+07  0.2626
  0  17.65  0.0000000000000000E+00  8.2254076313600004E+07  0.2622
  0  17.67  0.0000000000000000E+00  8.2254076313600004E+07  0.2618
  0  17.68  0.0000000000000000E+00  8.2254076313600004E+07  0.2615
  0  17.70  0.0000000000000000E+00  8.2254076313599989E+07  0.2611
  0  17.72  0.0000000000000000E+00  8.2254076313600004E+07  0.2607
  0  17.73  0.0000000000000000E+00  8.2254076313600004E+07  0.2604
  0  17.75  0.0000000000000000E+00  8.2254076313600004E+07  0.2600
  0  17.77  0.0000000000000000E+00  8.2254076313600004E+07  0.2597
  0  17.78  0.0000000000000000E+00  8.2254076313600004E+07  0.2593
  0  17.80  0.0000000000000000E+00  8.2254076313600004E+07  0.2589
  0  17.82  0.0000000000000000E+00  8.2254076313600004E+07  0.2586
  0  17.83  0.0000000000000000E+00  8.2254076313600004E+07  0.2582
  0  17.85  0.0000000000000000E+00  8.2254076313600004E+07  0.2579
  0  17.87  0.0000000000000000E+00  8.2254076313600004E+07  0.2575
  0  17.88  0.0000000000000000E+00  8.2254076313600004E+07  0.2571
  0  17.90  0.0000000000000000E+00  8.2254076313600004E+07  0.2568
  0  17.92  0.0000000000000000E+00  8.2254076313600019E+07  0.2564
  0  17.93  0.0000000000000000E+00  8.2254076313600004E+07  0.2561
  0  17.95  0.0000000000000000E+00  8.2254076313600004E+07  0.2557
  0  17.97  0.0000000000000000E+00  8.2254076313600004E+07  0.2554
  0  17.98  0.0000000000000000E+00  8.2254076313600004E+07  0.2550
  0  18.00  0.0000000000000000E+00  8.2254076313600004E+07  0.2547
  0  18.02  0.0000000000000000E+00  8.2254076313600019E+07  0.2543
  0  18.03  0.0000000000000000E+00  8.2254076313600004E+07  0.2540
  0  18.05  0.0000000000000000E+00  8.2254076313600019E+07  0.2536
  0  18.07  0.0000000000000000E+00  8.2254076313600004E+07  0.2532
  0  18.08  3.5527136788005009E-15  8.2254076313600004E+07  0.2529
  0  18.10  0.0000000000000000E+00  8.2254076313600004E+07  0.2525
  0  18.12  0.0000000000000000E+00  8.2254076313600004E+07  0.2522
  0  18.13  0.0000000000000000E+00  8.2254076313600019E+07  0.2518
  0  18.15  0.0000000000000000E+00  8.2254076313600004E+07  0.2515
  0  18.17  0.0000000000000000E+00  8.2254076313600004E+07  0.2511
  0  18.18  0.0000000000000000E+00  8.2254076313600004E+07  0.2508
  0  18.20  0.0000000000000000E+00  8.2254076313600004E+07  0.2504
  0  18.22  0.0000000000000000E+00  8.2254076313600004E+07  0.2501
  0  18.23  0.0000000000000000E+00  8.2254076313600019E+07  0.2498
  0  18.25  0.0000000000000000E+00  8.2254076313600019E+07  0.2494
  0  18.27  0.0000000000000000E+00  8.2254076313600004E+07  0.2491
  0  18.28  0.0000000000000000E+00  8.2254076313600004E+07  0.2487
  0  18.30  0.0000000000000000E+00  8.2254076313600004E+07  0.2484
  0  18.32  0.0000000000000000E+00  8.2254076313600004E+07  0.2480
  0  18.33  0.0000000000000000E+00  8.2254076313600019E+07  0.2477
  0  18.35  0.0000000000000000E+00  8.2254076313600004E+07  0.2473
  0  18.37  0.0000000000000000E+00  8.2254076313600004E+07  0.2470
  0  18.38  0.0000000000000000E+00  8.2254076313600004E+07  0.2466
  0  18.40  0.0000000000000000E+00  8.2254076313600004E+07  0.2463
  0  18.42  0.0000000000000000E+00  8.2254076313600004E+07  0.2460
  0  18.43  0.0000000000000000E+00  8.2254076313600004E+07  0.2456
  0  18.45  0.0000000000000000E+00  8.2254076313600004E+07  0.2453
  0  18.47  0.0000000000000000E+00  8.2254076313599989E+07  0.2449
  0  18.48  0.0000000000000000E+00  8.2254076313599989E+07  0.2446
  0  18.50  0.0000000000000000E+00  8.2254076313599989E+07  0.2443
  0  18.52  0.0000000000000000E+00  8.2254076313599989E+07  0.2439
  0  18.53  0.0000000000000000E+00  8.2254076313599989E+07  0.2436
  0  18.55  0.0000000000000000E+00  8.2254076313599989E+07  0.2432
  0  18.57  0.0000000000000000E+00  8.2254076313599989E+07  0.2429
  0  18.58  0.0000000000000000E+00  8.2254076313599989E+07  0.2426
  0  18.60  0.0000000000000000E+00  8.2254076313599989E+07  0.2422
  0  18.62  0.0000000000000000E+00  8.2254076313599989E+07  0.2419
  0  18.63  0.0000000000000000E+00  8.2254076313599974E+07  0.2416
  0  18.65  0.0000000000000000E+00  8.2254076313599974E+07  0.2412
  0  18.67  0.0000000000000000E+00  8.2254076313599974E+07  0.2409
  0  18.68  0.0000000000000000E+00  8.2254076313599974E+07  0.2406
  0  18.70  0.0000000000000000E+00  8.2254076313599989E+07  0.2402
  0  18.72  0.0000000000000000E+00  8.2254076313599989E+07  0.2399
  0  18.73  0.0000000000000000E+00  8.2254076313599989E+07  0.2396
  0  18.75  0.0000000000000000E+00  8.2254076313599989E+07  0.2392
  0  18.77  0.0000000000000000E+00  8.2254076313599989E+07  0.2389
  0  18.78  0.0000000000000000E+00  8.2254076313599989E+07  0.2386
  0  18.80  0.0000000000000000E+00  8.2254076313599989E+07  0.2382
  0  18.82  0.0000000000000000E+00  8.2254076313599989E+07  0.2379
  0  18.83  0.0000000000000000E+00  8.2254076313599989E+07  0.2376
  0  18.85  0.0000000000000000E+00  8.2254076313599989E+07  0.2372
  0  18.87  0.0000000000000000E+00  8.2254076313599989E+07  0.2369
  0  18.88  0.0000000000000000E+00  8.2254076313599989E+07  0.2366
  0  18.90  0.0000000000000000E+00  8.2254076313599989E+07  0.2362
  0  18.92  0.0000000000000000E+00  8.2254076313599989E+07  0.2359
  0  18.93  0.0000000000000000E+00  8.2254076313599989E+07  0.2356
  0  18.95  0.0000000000000000E+00  8.2254076313599989E+07  0.2353
  0  18.97  0.0000000000000000E+00  8.2254076313599974E+07  0.2349
  0  18.98  0.0000000000000000E+00  8.2254076313599974E+07  0.2346
  0  19.00  0.0000000000000000E+00  8.2254076313599989E+07  0.2343
  0  19.02  0.0000000000000000E+00  8.2254076313599989E+07  0.2340
  0  19.03  0.0000000000000000E+00  8.2254076313599989E+07  0.2336
  0  19.05  0.0000000000000000E+00  8.2254076313599989E+07  0.2333
  0  19.07  0.0000000000000000E+00  8.2254076313600004E+07  0.2330
  0  19.08  0.0000000000000000E+00  8.2254076313600004E+07  0.2327
  0  19.10  0.0000000000000000E+00  8.2254076313600004E+07  0.2323
  0  19.12  0.0000000000000000E+00  8.2254076313600019E+07  0.2320
  0  19.13  0.0000000000000000E+00  8.2254076313600004E+07  0.2317
  0  19.15  0.0000000000000000E+00  8.2254076313600004E+07  0.2314
  0  19.17  0.0000000000000000E+00  8.2254076313600004E+07  0.2310
  0  19.18  0.0000000000000000E+00  8.2254076313600004E+07  0.2307
  0  19.20  0.0000000000000000E+00  8.2254076313600004E+07  0.2304
  0  19.22  0.0000000000000000E+00  8.2254076313600004E+07  0.2301
  0  19.23  0.0000000000000000E+00  8.2254076313600004E+07  0.2298
  0  19.25  0.0000000000000000E+00  8.2254076313600004E+07  0.2294
  0  19.27  0.0000000000000000E+00  8.2254076313600004E+07  0.2291
  0  19.28  0.0000000000000000E+00  8.2254076313600004E+07  0.2288
  0  19.30  0.0000000000000000E+00  8.2254076313600004E+07  0.2285
  0  19.32  0.0000000000000000E+00  8.2254076313600004E+07  0.2282
  0  19.33  0.0000000000000000E+00  8.2254076313599989E+07  0.2279
  0  19.35  0.0000000000000000E+00  8.2254076313599989E+07  0.2275
  0  19.37  0.0000000000000000E+00  8.2254076313599989E+07  0.2272
  0  19.38  0.0000000000000000E+00  8.2254076313599989E+07  0.2269
  0  19.40  0.0000000000000000E+00  8.2254076313599989E+07  0.2266
  0  19.42  0.0000000000000000E+00  8.2254076313599989E+07  0.2263
  0  19.43  0.0000000000000000E+00  8.2254076313599989E+07  0.2260
  0  19.45  0.0000000000000000E+00  8.2254076313599989E+07  0.2257
  0  19.47  0.0000000000000000E+00  8.2254076313599974E+07  0.2253
  0  19.48  0.0000000000000000E+00  8.2254076313599989E+07  0.2250
  0  19.50  0.0000000000000000E+00  8.2254076313599989E+07  0.2247
  0  19.52  0.0000000000000000E+00  8.2254076313599974E+07  0.2244
  0  19.53  0.0000000000000000E+00  8.2254076313599974E+07  0.2241
  0  19.55  0.0000000000000000E+00  8.2254076313599974E+07  0.2238
  0  19.57  0.0000000000000000E+00  8.2254076313599974E+07  0.2235
  0  19.58  0.0000000000000000E+00  8.2254076313599974E+07  0.2232
  0  19.60  0.0000000000000000E+00  8.2254076313599974E+07  0.2228
  0  19.62  0.0000000000000000E+00  8.2254076313599974E+07  0.2225
  0  19.63  0.0000000000000000E+00  8.2254076313599974E+07  0.2222
  0  19.65  0.0000000000000000E+00  8.2254076313599974E+07  0.2219
  0  19.67  -3.5527136788005009E-15  8.2254076313599989E+07  0.2216
  0  19.68  0.0000000000000000E+00  8.2254076313599989E+07  0.2213
  0  19.70  0.0000000000000000E+00  8.2254076313599989E+07  0.2210
  0  19.72  0.0000000000000000E+00  8.2254076313599989E+07  0.2207
  0  19.73  0.0000000000000000E+00  8.2254076313599974E+07  0.2204
  0  19.75  0.0000000000000000E+00  8.2254076313599974E+07  0.2201
  0  19.77  0.0000000000000000E+00  8.2254076313599974E+07  0.2198
  0  19.78  0.0000000000000000E+00  8.2254076313599974E+07  0.2195
  0  19.80  -3.5527136788005009E-15  8.2254076313599974E+07  0.2192
  0  19.82  0.0000000000000000E+00  8.2254076313599989E+07  0.2189
  0  19.83  0.0000000000000000E+00  8.2254076313599989E+07  0.2186
  0  19.85  0.0000000000000000E+00  8.2254076313599989E+07  0.2183
  0  19.87  0.0000000000000000E+00  8.2254076313599989E+07  0.2179
  0  19.88  0.0000000000000000E+00  8.2254076313599974E+07  0.2176
  0  19.90  0.0000000000000000E+00  8.2254076313599974E+07  0.2173
  0  19.92  0.0000000000000000E+00  8.2254076313599989E+07  0.2170
  0  19.93  0.0000000000000000E+00  8.2254076313599989E+07  0.2167
  0  19.95  0.0000000000000000E+00  8.2254076313599989E+07  0.2164
  0  19.97  0.0000000000000000E+00  8.2254076313599989E+07  0.2161
  0  19.98  0.0000000000000000E+00  8.2254076313599989E+07  0.2158
  0  20.00  0.0000000000000000E+00  8.2254076313599974E+07  0.2155
  0  20.02  0.0000000000000000E+00  8.2254076313599989E+07  0.2152
  0  20.03  0.0000000000000000E+00  8.2254076313599989E+07  0.2149
  0  20.05  0.0000000000000000E+00  8.2254076313599989E+07  0.2146
  0  20.07  0.0000000000000000E+00  8.2254076313599989E+07  0.2143
  0  20.08  0.0000000000000000E+00  8.2254076313599974E+07  0.2140
  0  20.10  0.0000000000000000E+00  8.2254076313599974E+07  0.2137
  0  20.12  0.0000000000000000E+00  8.2254076313599974E+07  0.2135
  0  20.13  0.0000000000000000E+00  8.2254076313599974E+07  0.2132
  0  20.15  0.0000000000000000E+00  8.2254076313599974E+07  0.2129
  0  20.17  0.0000000000000000E+00  8.2254076313599974E+07  0.2126
  0  20.18  0.0000000000000000E+00  8.2254076313599959E+07  0.2123
  0  20.20  0.0000000000000000E+00  8.2254076313599974E+07  0.2120
  0  20.22  0.0000000000000000E+00  8.2254076313599974E+07  0.2117
  0  20.23  0.0000000000000000E+00  8.2254076313599974E+07  0.2114
  0  20.25  0.0000000000000000E+00  8.2254076313599974E+07  0.2111
  0  20.27  0.0000000000000000E+00  8.2254076313599974E+07  0.2108
  0  20.28  0.0000000000000000E+00  8.2254076313599974E+07  0.2105
  0  20.30  0.0000000000000000E+00  8.2254076313599974E+07  0.2102
  0  20.32  0.0000000000000000E+00  8.2254076313599974E+07  0.2099
  0  20.33  0.0000000000000000E+00  8.2254076313599974E+07  0.2096
  0  20.35  0.0000000000000000E+00  8.2254076313599989E+07  0.2093
  0  20.37  0.0000000000000000E+00  8.2254076313599989E+07  0.2090
  0  20.38  0.0000000000000000E+00  8.2254076313599974E+07  0.2088
  0  20.40  0.0000000000000000E+00  8.2254076313599974E+07  0.2085
  0  20.42  0.0000000000000000E+00  8.2254076313599974E+07  0.2082
  0  20.43  0.0000000000000000E+00  8.2254076313599974E+07  0.2079
  0  20.45  0.0000000000000000E+00  8.2254076313599974E+07  0.2076
  0  20.47  0.0000000000000000E+00  8.2254076313599974E+07  0.2073
  0  20.48  0.0000000000000000E+00  8.2254076313599974E+07  0.2070
  0  20.50  0.0000000000000000E+00  8.2254076313599974E+07  0.2067
  0  20.52  0.0000000000000000E+00  8.2254076313599974E+07  0.2064
  0  20.53  0.0000000000000000E+00  8.2254076313599974E+07  0.2062
  0  20.55  0.0000000000000000E+00  8.2254076313599974E+07  0.2059
  0  20.57  0.0000000000000000E+00  8.2254076313599974E+07  0.2056
  0  20.58  0.0000000000000000E+00  8.2254076313599989E+07  0.2053
  0  20.60  0.0000000000000000E+00  8.2254076313599989E+07  0.2050
  0  20.62  0.0000000000000000E+00  8.2254076313599989E+07  0.2047
  0  20.63  0.0000000000000000E+00  8.2254076313599989E+07  0.2045
  0  20.65  0.0000000000000000E+00  8.2254076313599989E+07  0.2042
  0  20.67  0.0000000000000000E+00  8.2254076313599989E+07  0.2039
  0  20.68  0.0000000000000000E+00  8.2254076313599989E+07  0.2036
  0  20.70  0.0000000000000000E+00  8.2254076313599989E+07  0.2033
  0  20.72  0.0000000000000000E+00  8.2254076313599974E+07  0.2030
  0  20.73  0.0000000000000000E+00  8.2254076313599989E+07  0.2028
  0  20.75  0.0000000000000000E+00  8.2254076313599974E+07  0.2025
  0  20.77  0.0000000000000000E+00  8.2254076313599989E+07  0.2022
  0  20.78  0.0000000000000000E+00  8.2254076313599989E+07  0.2019
  0  20.80  0.0000000000000000E+00  8.2254076313599989E+07  0.2016
  0  20.82  0.0000000000000000E+00  8.2254076313599974E+07  0.2013
  0  20.83  0.0000000000000000E+00  8.2254076313599974E+07  0.2011
  0  20.85  0.0000000000000000E+00  8.2254076313599974E+07  0.2008
  0  20.87  0.0000000000000000E+00  8.2254076313599974E+07  0.2005
  0  20.88  0.0000000000000000E+00  8.2254076313599974E+07  0.2002
  0  20.90  0.0000000000000000E+00  8.2254076313599974E+07  0.2000
  0  20.92  0.0000000000000000E+00  8.2254076313599989E+07  0.1997
  0  20.93  0.0000000000000000E+00  8.2254076313599989E+07  0.1994
  0  20.95  0.0000000000000000E+00  8.2254076313599989E+07  0.1991
  0  20.97  0.0000000000000000E+00  8.2254076313599989E+07  0.1988
  0  20.98  0.0000000000000000E+00  8.2254076313599989E+07  0.1986
  0  21.00  0.0000000000000000E+00  8.2254076313599989E+07  0.1983
  0  21.02  0.0000000000000000E+00  8.2254076313599989E+07  0.1980
  0  21.03  0.0000000000000000E+00  8.2254076313599989E+07  0.1977
  0  21.05  0.0000000000000000E+00  8.2254076313599989E+07  0.1975
  0  21.07  0.0000000000000000E+00  8.2254076313599989E+07  0.1972
  0  21.08  0.0000000000000000E+00  8.2254076313599989E+07  0.1969
  0  21.10  0.0000000000000000E+00  8.2254076313599974E+07  0.1966
  0  21.12  0.0000000000000000E+00  8.2254076313599989E+07  0.1964
  0  21.13  0.0000000000000000E+00  8.2254076313599989E+07  0.1961
  0  21.15  0.0000000000000000E+00  8.2254076313599989E+07  0.1958
  0  21.17  0.0000000000000000E+00  8.2254076313600004E+07  0.1956
  0  21.18  0.0000000000000000E+00  8.2254076313600004E+07  0.1953
  0  21.20  0.0000000000000000E+00  8.2254076313599989E+07  0.1950
  0  21.22  0.0000000000000000E+00  8.2254076313599989E+07  0.1947
  0  21.23  0.0000000000000000E+00  8.2254076313599989E+07  0.1945
  0  21.25  0.0000000000000000E+00  8.2254076313599989E+07  0.1942
  0  21.27  0.0000000000000000E+00  8.2254076313599989E+07  0.1939
  0  21.28  0.0000000000000000E+00  8.2254076313599989E+07  0.1937
  0  21.30  0.0000000000000000E+00  8.2254076313599989E+07  0.1934
  0  21.32  0.0000000000000000E+00  8.2254076313599989E+07  0.1931
  0  21.33  0.0000000000000000E+00  8.2254076313599989E+07  0.1929
  0  21.35  0.0000000000000000E+00  8.2254076313599989E+07  0.1926
  0  21.37  0.0000000000000000E+00  8.2254076313599989E+07  0.1923
  0  21.38  0.0000000000000000E+00  8.2254076313599989E+07  0.1921
  0  21.40  0.0000000000000000E+00  8.2254076313599989E+07  0.1918
  0  21.42  0.0000000000000000E+00  8.2254076313600004E+07  0.1915
  0  21.43  0.0000000000000000E+00  8.2254076313599989E+07  0.1913
  0  21.45  0.0000000000000000E+00  8.2254076313600004E+07  0.1910
  0  21.47  0.0000000000000000E+00  8.2254076313599989E+07  0.1907
  0  21.48  0.0000000000000000E+00  8.2254076313599989E+07  0.1905
  0  21.50  0.0000000000000000E+00  8.2254076313599989E+07  0.1902
  0  21.52  0.0000000000000000E+00  8.2254076313600004E+07  0.1899
  0  21.53  0.0000000000000000E+00  8.2254076313600004E+07  0.1897
  0  21.55  0.0000000000000000E+00  8.2254076313600004E+07  0.1894
  0  21.57  0.0000000000000000E+00  8.2254076313600004E+07  0.1891
  0  21.58  0.0000000000000000E+00  8.2254076313600004E+07  0.1889
  0  21.60  0.0000000000000000E+00  8.2254076313600004E+07  0.1886
  0  21.62  0.0000000000000000E+00  8.2254076313600004E+07  0.1884
  0  21.63  0.0000000000000000E+00  8.2254076313600004E+07  0.1881
  0  21.65  0.0000000000000000E+00  8.2254076313600004E+07  0.1878
  0  21.67  0.0000000000000000E+00  8.2254076313600004E+07  0.1876
  0  21.68  -3.5527136788005009E-15  8.2254076313600019E+07  0.1873
  0  21.70  0.0000000000000000E+00  8.2254076313600004E+07  0.1870
  0  21.72  0.0000000000000000E+00  8.2254076313600019E+07  0.1868
  0  21.73  0.0000000000000000E+00  8.2254076313600019E+07  0.1865
  0  21.75  0.0000000000000000E+00  8.2254076313600019E+07  0.1863
  0  21.77  0.0000000000000000E+00  8.2254076313600019E+07  0.1860
  0  21.78  0.0000000000000000E+00  8.2254076313600034E+07  0.1858
  0  21.80  0.0000000000000000E+00  8.2254076313600034E+07  0.1855
  0  21.82  0.0000000000000000E+00  8.2254076313600019E+07  0.1852
  0  21.83  0.0000000000000000E+00  8.2254076313600034E+07  0.1850
  0  21.85  0.0000000000000000E+00  8.2254076313600034E+07  0.1847
  0  21.87  0.0000000000000000E+00  8.2254076313600034E+07  0.1845
  0  21.88  0.0000000000000000E+00  8.2254076313600034E+07  0.1842
  0  21.90  0.0000000000000000E+00  8.2254076313600034E+07  0.1840
  0  21.92  0.0000000000000000E+00  8.2254076313600048E+07  0.1837
  0  21.93  0.0000000000000000E+00  8.2254076313600034E+07  0.1834
  0  21.95  0.0000000000000000E+00  8.2254076313600034E+07  0.1832
  0  21.97  0.0000000000000000E+00  8.2254076313600048E+07  0.1829
  0  21.98  0.0000000000000000E+00  8.2254076313600034E+07  0.1827
  0  22.00  0.0000000000000000E+00  8.2254076313600034E+07  0.1824
  0  22.02  0.0000000000000000E+00  8.2254076313600034E+07  0.1822
  0  22.03  0.0000000000000000E+00  8.2254076313600034E+07  0.1819
  0  22.05  0.0000000000000000E+00  8.2254076313600034E+07  0.1817
  0  22.07  0.0000000000000000E+00  8.2254076313600034E+07  0.1814
  0  22.08  0.0000000000000000E+00  8.2254076313600034E+07  0.1812
  0  22.10  0.0000000000000000E+00  8.2254076313600019E+07  0.1809
  0  22.12  0.0000000000000000E+00  8.2254076313600034E+07  0.1807
  0  22.13  0.0000000000000000E+00  8.2254076313600034E+07  0.1804
  0  22.15  0.0000000000000000E+00  8.2254076313600034E+07  0.1802
  0  22.17  0.0000000000000000E+00  8.2254076313600034E+07  0.1799
  0  22.18  0.0000000000000000E+00  8.2254076313600034E+07  0.1797
  0  22.20  0.0000000000000000E+00  8.2254076313600034E+07  0.1794
  0  22.22  0.0000000000000000E+00  8.2254076313600034E+07  0.1792
  0  22.23  0.0000000000000000E+00  8.2254076313600034E+07  0.1789
  0  22.25  0.0000000000000000E+00  8.2254076313600034E+07  0.1787
  0  22.27  0.0000000000000000E+00  8.2254076313600034E+07  0.1784
  0  22.28  0.0000000000000000E+00  8.2254076313600034E+07  0.1782
  0  22.30  -3.5527136788005009E-15  8.2254076313600048E+07  0.1779
  0  22.32  0.0000000000000000E+00  8.2254076313600048E+07  0.1777
  0  22.33  0.0000000000000000E+00  8.2254076313600048E+07  0.1774
  0  22.35  0.0000000000000000E+00  8.2254076313600048E+07  0.1772
  0  22.37  0.0000000000000000E+00  8.2254076313600048E+07  0.1769
  0  22.38  0.0000000000000000E+00  8.2254076313600048E+07  0.1767
  0  22.40  0.0000000000000000E+00  8.2254076313600048E+07  0.1764
  0  22.42  0.0000000000000000E+00  8.2254076313600048E+07  0.1762
  0  22.43  0.0000000000000000E+00  8.2254076313600048E+07  0.1760
  0  22.45  0.0000000000000000E+00  8.2254076313600048E+07  0.1757
  0  22.47  0.0000000000000000E+00  8.2254076313600048E+07  0.1755
  0  22.48  0.0000000000000000E+00  8.2254076313600048E+07  0.1752
  0  22.50  0.0000000000000000E+00  8.2254076313600063E+07  0.1750
  0  22.52  0.0000000000000000E+00  8.2254076313600063E+07  0.1747
  0  22.53  0.0000000000000000E+00  8.2254076313600063E+07  0.1745
  0  22.55  0.0000000000000000E+00  8.2254076313600078E+07  0.1743
  0  22.57  0.0000000000000000E+00  8.2254076313600078E+07  0.1740
  0  22.58  0.0000000000000000E+00  8.2254076313600078E+07  0.1738
  0  22.60  0.0000000000000000E+00  8.2254076313600078E+07  0.1735
  0  22.62  0.0000000000000000E+00  8.2254076313600078E+07  0.1733
  0  22.63  0.0000000000000000E+00  8.2254076313600093E+07  0.1730
  0  22.65  0.0000000000000000E+00  8.2254076313600078E+07  0.1728
  0  22.67  0.0000000000000000E+00  8.2254076313600093E+07  0.1726
  0  22.68  0.0000000000000000E+00  8.2254076313600093E+07  0.1723
  0  22.70  0.0000000000000000E+00  8.2254076313600093E+07  0.1721
  0  22.72  0.0000000000000000E+00  8.2254076313600093E+07  0.1718
  0  22.73  0.0000000000000000E+00  8.2254076313600093E+07  0.1716
  0  22.75  0.0000000000000000E+00  8.2254076313600093E+07  0.1714
  0  22.77  0.0000000000000000E+00  8.2254076313600093E+07  0.1711
  0  22.78  0.0000000000000000E+00  8.2254076313600093E+07  0.1709
  0  22.80  0.0000000000000000E+00  8.2254076313600093E+07  0.1707
  0  22.82  0.0000000000000000E+00  8.2254076313600093E+07  0.1704
  0  22.83  3.5527136788005009E-15  8.2254076313600078E+07  0.1702
  0  22.85  0.0000000000000000E+00  8.2254076313600093E+07  0.1699
  0  22.87  0.0000000000000000E+00  8.2254076313600093E+07  0.1697
  0  22.88  0.0000000000000000E+00  8.2254076313600078E+07  0.1695
  0  22.90  0.0000000000000000E+00  8.2254076313600093E+07  0.1692
  0  22.92  0.0000000000000000E+00  8.2254076313600078E+07  0.1690
  0  22.93  0.0000000000000000E+00  8.2254076313600078E+07  0.1688
  0  22.95  0.0000000000000000E+00  8.2254076313600078E+07  0.1685
  0  22.97  0.0000000000000000E+00  8.2254076313600078E+07  0.1683
  0  22.98  0.0000000000000000E+00  8.2254076313600078E+07  0.1681
  0  23.00  0.0000000000000000E+00  8.2254076313600078E+07  0.1678
  0  23.02  0.0000000000000000E+00  8.2254076313600078E+07  0.1676
  0  23.03  0.0000000000000000E+00  8.2254076313600063E+07  0.1674
  0  23.05  0.0000000000000000E+00  8.2254076313600078E+07  0.1671
  0  23.07  0.0000000000000000E+00  8.2254076313600078E+07  0.1669
  0  23.08  0.0000000000000000E+00  8.2254076313600078E+07  0.1667
  0  23.10  0.0000000000000000E+00  8.2254076313600093E+07  0.1664
  0  23.12  0.0000000000000000E+00  8.2254076313600093E+07  0.1662
  0  23.13  0.0000000000000000E+00  8.2254076313600093E+07  0.1660
  0  23.15  0.0000000000000000E+00  8.2254076313600093E+07  0.1657
  0  23.17  0.0000000000000000E+00  8.2254076313600093E+07  0.1655
  0  23.18  0.0000000000000000E+00  8.2254076313600093E+07  0.1653
  0  23.20  0.0000000000000000E+00  8.2254076313600108E+07  0.1651
  0  23.22  0.0000000000000000E+00  8.2254076313600108E+07  0.1648
  0  23.23  0.0000000000000000E+00  8.2254076313600108E+07  0.1646
  0  23.25  0.0000000000000000E+00  8.2254076313600108E+07  0.1644
  0  23.27  0.0000000000000000E+00  8.2254076313600108E+07  0.1641
  0  23.28  0.0000000000000000E+00  8.2254076313600108E+07  0.1639
  0  23.30  0.0000000000000000E+00  8.2254076313600108E+07  0.1637
  0  23.32  0.0000000000000000E+00  8.2254076313600108E+07  0.1635
  0  23.33  0.0000000000000000E+00  8.2254076313600108E+07  0.1632
  0  23.35  0.0000000000000000E+00  8.2254076313600108E+07  0.1630
  0  23.37  0.0000000000000000E+00  8.2254076313600108E+07  0.1628
  0  23.38  0.0000000000000000E+00  8.2254076313600108E+07  0.1626
  0  23.40  0.0000000000000000E+00  8.2254076313600108E+07  0.1623
  0  23.42  0.0000000000000000E+00  8.2254076313600108E+07  0.1621
  0  23.43  0.0000000000000000E+00  8.2254076313600108E+07  0.1619
  0  23.45  0.0000000000000000E+00  8.2254076313600093E+07  0.1617
  0  23.47  0.0000000000000000E+00  8.2254076313600093E+07  0.1614
  0  23.48  0.0000000000000000E+00  8.2254076313600093E+07  0.1612
  0  23.50  0.0000000000000000E+00  8.2254076313600093E+07  0.1610
  0  23.52  0.0000000000000000E+00  8.2254076313600093E+07  0.1608
  0  23.53  0.0000000000000000E+00  8.2254076313600093E+07  0.1605
  0  23.55  0.0000000000000000E+00  8.2254076313600078E+07  0.1603
  0  23.57  0.0000000000000000E+00  8.2254076313600078E+07  0.1601
  0  23.58  0.0000000000000000E+00  8.2254076313600078E+07  0.1599
  0  23.60  0.0000000000000000E+00  8.2254076313600063E+07  0.1596
  0  23.62  -1.7763568394002505E-15  8.2254076313600078E+07  0.1594
  0  23.63  0.0000000000000000E+00  8.2254076313600078E+07  0.1592
  0  23.65  0.0000000000000000E+00  8.2254076313600078E+07  0.1590
  0  23.67  0.0000000000000000E+00  8.2254076313600078E+07  0.1588
  0  23.68  0.0000000000000000E+00  8.2254076313600078E+07  0.1585
  0  23.70  0.0000000000000000E+00  8.2254076313600078E+07  0.1583
  0  23.72  0.0000000000000000E+00  8.2254076313600078E+07  0.1581
  0  23.73  0.0000000000000000E+00  8.2254076313600078E+07  0.1579
  0  23.75  0.0000000000000000E+00  8.2254076313600078E+07  0.1577
  0  23.77  -1.7763568394002505E-15  8.2254076313600078E+07  0.1574
  0  23.78  0.0000000000000000E+00  8.2254076313600078E+07  0.1572
  0  23.80  0.0000000000000000E+00  8.2254076313600078E+07  0.1570
  0  23.82  0.0000000000000000E+00  8.2254076313600093E+07  0.1568
  0  23.83  0.0000000000000000E+00  8.2254076313600093E+07  0.1566
  0  23.85  0.0000000000000000E+00  8.2254076313600093E+07  0.1563
  0  23.87  0.0000000000000000E+00  8.2254076313600093E+07  0.1561
  0  23.88  0.0000000000000000E+00  8.2254076313600093E+07  0.1559
  0  23.90  0.0000000000000000E+00  8.2254076313600093E+07  0.1557
  0  23.92  0.0000000000000000E+00  8.2254076313600093E+07  0.1555
  0  23.93  0.0000000000000000E+00  8.2254076313600093E+07  0.1553
  0  23.95  0.0000000000000000E+00  8.2254076313600093E+07  0.1550
  0  23.97  0.0000000000000000E+00  8.2254076313600093E+07  0.1548
  0  23.98  0.0000000000000000E+00  8.2254076313600078E+07  0.1546
  1  0.00  0.0000000000000000E+00  8.2254076313600093E+07  0.1544
